1.087493744362771908e+00
7.854606490643762928e-01
7.343786514592895998e-01
7.104578122547449137e-01
6.959194218217594763e-01
6.861941955532484538e-01
6.790631955428780842e-01
6.733005660934601178e-01
6.693387354856662474e-01
6.662113683870083403e-01
6.630247289226419705e-01
6.605337468622237695e-01
6.580098309647072208e-01
6.556748268885715936e-01
6.540622754663882876e-01
6.525526411479637412e-01
6.510355156951643796e-01
6.497605551913658850e-01
6.487042913779392794e-01
6.474142260420863160e-01
6.466926415311209375e-01
6.457610953285163324e-01
6.447908147449882277e-01
6.442530450157253341e-01
6.438059539217968474e-01
6.431329196090216360e-01
6.425685124580087226e-01
6.421895571461703200e-01
6.419483016982955315e-01
6.416772536692187945e-01
6.414718962543765057e-01
6.415423072428749762e-01
6.413193695866074018e-01
6.412915625448685208e-01
6.412233446850552632e-01
6.413061302673773723e-01
6.417585212889722612e-01
6.422046775648956318e-01
6.429532925772972751e-01
6.436643245137938507e-01
6.443809289891501146e-01
6.455785265169892151e-01
6.466614037640888712e-01
6.481197177635479312e-01
6.507239193035204705e-01
6.541239237487181946e-01
6.587291169613785913e-01
6.648880550602371819e-01
6.766605485761953975e-01
6.931471805599453972e-01
