1.090617049969629271e+00
1.090617049969629271e+00
1.090617049969629271e+00
1.090617049969629271e+00
1.090617049969629271e+00
1.090617049969629271e+00
1.090617049969629271e+00
1.090617049969629271e+00
1.090617049969629271e+00
1.090617049969629271e+00
1.090617049969629271e+00
1.090617049969629271e+00
1.090617049969629271e+00
1.090617049969629271e+00
1.090617049969629271e+00
1.090617049969629271e+00
1.090617049969629271e+00
1.090617049969629271e+00
1.090617049969629271e+00
1.090617049969629271e+00
1.090617049969629271e+00
1.090617049969629271e+00
1.090617049969629271e+00
1.090617049969629271e+00
1.090617049969629271e+00
1.090617049969629271e+00
1.090617049969629271e+00
1.090617049969629271e+00
1.090617049969629271e+00
1.090617049969629271e+00
1.090216867028856340e+00
1.089788099592313930e+00
1.089416501147310479e+00
1.088673304257303576e+00
1.087815769384218756e+00
1.086901065519594978e+00
1.085557594218428568e+00
1.083470926027255476e+00
1.081527180314929781e+00
1.077811195864895488e+00
1.073009000575620542e+00
1.065662785162860393e+00
1.054514831812757514e+00
1.036392261494897937e+00
1.004148950266907869e+00
9.379472580647582047e-01
8.055724581562286879e-01
5.566300844996999730e-01
5.359063250668163469e-01
5.359063250668163469e-01
