0.340532
0.339734
0.339997
0.340026
0.339950
0.339981
0.339647
0.339681
0.339706
0.339681
0.339622
0.339664
0.339322
0.339474
0.339417
0.339501
0.339488
0.339683
0.339671
0.339682
0.339712
0.339438
0.339451
0.339487
0.339415
0.339637
0.338784
0.338742
0.338678
0.338502
0.338563
0.338652
0.338591
0.338446
0.338633
0.338578
0.338551
0.338166
0.338332
0.338349
0.338742
0.337662
0.336834
0.336761
0.336745
0.336761
0.336833
0.336838
0.336863
0.336844
0.336697
0.336721
0.336815
0.336924
0.336732
0.336873
0.336667
0.336594
0.336590
0.336758
0.336709
0.336803
0.336812
0.336729
