0.400772
0.329404
0.301444
0.284421
0.272985
0.264597
0.258460
0.252828
0.248519
0.244535
0.241057
0.238326
0.236205
0.233546
0.231887
0.229367
0.228016
0.226018
0.224280
0.222698
0.221563
0.220386
0.219096
0.217805
0.216666
0.215876
0.214571
0.213858
0.212603
0.211650
0.211140
0.210169
0.209312
0.208313
0.208334
0.206916
0.206561
0.205825
0.204765
0.204103
0.203736
0.203123
0.202617
0.201748
0.201018
0.200633
0.200336
0.199474
0.198677
0.198142
0.197637
0.197210
0.196818
0.196131
0.195819
0.195114
0.194583
0.194354
0.194056
0.193369
0.193017
0.192282
0.192574
0.191662
0.191148
0.191050
0.190784
0.189679
0.189768
0.189421
0.189324
0.188552
0.188754
0.188246
0.187359
0.187418
0.187157
0.186531
0.186545
0.185847
0.186048
0.184941
0.185165
0.184658
0.184300
0.184055
0.183928
0.183936
0.182908
0.182602
0.182545
0.182425
0.182183
0.181581
0.181730
0.181195
0.180838
0.180605
0.180648
0.180072
0.179710
0.179248
0.179592
0.179199
0.179147
0.178823
0.178573
0.177892
0.177640
0.177702
0.177373
0.177517
0.177186
0.176732
0.176326
0.176543
0.175960
0.176292
0.175646
0.175562
0.175142
0.175204
0.174746
0.174553
0.174464
0.174255
0.174019
0.173065
0.172850
0.172844
0.173070
0.172565
0.172818
0.172405
0.172540
0.172104
0.172350
0.172434
0.172419
0.172362
0.172756
0.172534
0.172965
0.172104
0.172414
0.172233
0.172544
0.172103
0.172433
0.172167
0.172280
0.172095
0.172000
0.172052
0.172511
0.172452
0.172042
0.171756
0.172465
0.172340
0.172135
0.171759
0.171686
0.171393
0.171516
0.171984
0.171663
0.171680
0.171507
0.171746
0.171775
