0.000000000000000000e+00 1.000000000000000000e+00 1.606929857737177392e-01 1.606929857737177392e-01
2.040816326530612082e-02 1.807272790330691770e-01 4.992335696493581110e-01 8.388415325982602200e-01
4.081632653061224164e-02 1.641231987176341722e-01 6.033674082982561915e-01 8.893171966368952353e-01
6.122448979591836593e-02 1.552135165837346675e-01 6.644520547945205191e-01 9.091583510313326899e-01
8.163265306122448328e-02 1.489250628826349065e-01 7.070752591257323250e-01 9.195153172548220510e-01
1.020408163265306006e-01 1.438176477056725966e-01 7.411755181347150501e-01 9.259738748436272537e-01
1.224489795918367319e-01 1.394075881267398676e-01 7.694432455761760492e-01 9.301195705931981639e-01
1.428571428571428492e-01 1.357350232572659410e-01 7.887528344671201896e-01 9.319233119017833467e-01
1.632653061224489666e-01 1.327516360236833948e-01 8.068945922909366297e-01 9.335815902016116885e-01
1.836734693877550839e-01 1.295370673144298490e-01 8.223606168446025988e-01 9.341779885375148806e-01
2.040816326530612013e-01 1.265623783952058434e-01 8.368670234664471463e-01 9.345270997585314321e-01
2.244897959183673186e-01 1.240775913067845709e-01 8.474215842636895202e-01 9.343670904488988738e-01
2.448979591836734637e-01 1.216717012861636138e-01 8.582097748489840860e-01 9.341925348383905980e-01
2.653061224489795533e-01 1.191604076417240587e-01 8.671051139584986522e-01 9.334943123963576062e-01
2.857142857142856984e-01 1.167222932717801587e-01 8.754240262018949670e-01 9.326797195473190971e-01
3.061224489795917880e-01 1.146504767999001195e-01 8.831449867756672178e-01 9.320251360079131464e-01
3.265306122448979331e-01 1.125847470865748157e-01 8.898629460427213145e-01 9.311669042562475962e-01
3.469387755102040782e-01 1.108053596835472665e-01 8.955016426585796774e-01 9.303668577080848046e-01
3.673469387755101678e-01 1.091185077382908486e-01 9.006716610694910363e-01 9.295522648590462955e-01
3.877551020408163129e-01 1.079011649755730884e-01 9.046868846002362741e-01 9.289849591248945382e-01
4.081632653061224025e-01 1.066913158595622635e-01 9.092122830440587666e-01 9.284758385942454284e-01
4.285714285714285476e-01 1.051863933629220704e-01 9.125170068027210757e-01 9.275157827364500784e-01
4.489795918367346372e-01 1.034065744216362270e-01 9.149527515286269841e-01 9.261775230558868532e-01
4.693877551020407823e-01 1.018867924528301938e-01 9.179770505737356867e-01 9.251447356937131383e-01
4.897959183673469274e-01 1.003321317823356318e-01 9.213645562301243652e-01 9.241119483315393124e-01
5.102040816326530726e-01 9.862262426324581999e-02 9.256027214909037237e-01 9.230209757658627279e-01
5.306122448979591066e-01 9.692943701085585118e-02 9.294900892722045560e-01 9.218863642975591022e-01
5.510204081632652517e-01 9.512071798761218000e-02 9.331886529220275728e-01 9.206062898204986356e-01
5.714285714285713969e-01 9.336477141455540307e-02 9.356168728195369821e-01 9.192243912373083692e-01
5.918367346938775420e-01 9.225968924719261943e-02 9.377012234385061484e-01 9.184097983882698601e-01
6.122448979591835760e-01 9.059045564842276022e-02 9.410214168039539029e-01 9.171879091147121521e-01
6.326530612244897211e-01 8.856616245074361293e-02 9.429876501437997049e-01 9.154859919122566581e-01
6.530612244897958663e-01 8.641523251556205987e-02 9.453152211772901659e-01 9.136967969045471927e-01
6.734693877551020114e-01 8.484896788076831675e-02 9.488413547237076751e-01 9.125621854362435670e-01
6.938775510204081565e-01 8.314176245210727623e-02 9.512328767123288120e-01 9.111802868530533006e-01
7.142857142857141906e-01 8.166397544325249003e-02 9.519194931047335606e-01 9.098565734733656818e-01
7.346938775510203357e-01 8.018316601822053635e-02 9.524534043362494762e-01 9.085183137928024566e-01
7.551020408163264808e-01 7.884569138276553701e-02 9.531007751937984329e-01 9.073255171209961834e-01
7.755102040816326259e-01 7.702314227439896466e-02 9.546178343949044409e-01 9.057545166264219239e-01
7.959183673469386600e-01 7.480365649542937423e-02 9.565754270426013450e-01 9.038489512117068303e-01
8.163265306122448051e-01 7.285536943589082659e-02 9.594479830148620048e-01 9.022634044162569644e-01
8.367346938775509502e-01 7.086550576680773761e-02 9.605868184804028376e-01 9.005033020102988228e-01
8.571428571428570953e-01 6.846076621652255612e-02 9.615647032067318190e-01 8.983504494806970886e-01
8.775510204081632404e-01 6.601093960494067159e-02 9.632875414495499777e-01 8.962121432519710718e-01
8.979591836734692745e-01 6.301891707094715855e-02 9.641344956413449019e-01 8.935210775899689040e-01
9.183673469387754196e-01 5.919558076061908619e-02 9.643237486687965543e-01 8.900445116806795509e-01
9.387755102040815647e-01 5.494018608772707063e-02 9.687500000000000000e-01 8.864370290635091854e-01
9.591836734693877098e-01 4.875431326256005754e-02 9.726613965744400625e-01 8.810548977395048498e-01
9.795918367346938549e-01 3.728502254132576299e-02 9.815384615384615818e-01 8.711779594449131636e-01
1.000000000000000000e+00 0.000000000000000000e+00 0.000000000000000000e+00 8.393070142262822886e-01
