1.149848691887308316e+00
7.289562586178427450e-01
6.964078456651809912e-01
6.829263683573534305e-01
6.754541065236663311e-01
6.705067373780988493e-01
6.670938557029351124e-01
6.652217347346945919e-01
6.635935597869652147e-01
6.625390396732506737e-01
6.616656335928791099e-01
6.612006408991991657e-01
6.607968238821460005e-01
6.606486164429233865e-01
6.605694327532268817e-01
6.605023128416698253e-01
6.605736305041353118e-01
6.606519808248031422e-01
6.607633879615485428e-01
6.608403067218592275e-01
6.608675648318695917e-01
6.611117224854086150e-01
6.615254610505344468e-01
6.618034599129426487e-01
6.620821029772117061e-01
6.623569938700668569e-01
6.626691855792511410e-01
6.630277381291921346e-01
6.634809856262308125e-01
6.637354769544748789e-01
6.641196444449322112e-01
6.647072577893702316e-01
6.653196190344821126e-01
6.656624307907257343e-01
6.661324099571271917e-01
6.666111881731973110e-01
6.670998959634906189e-01
6.675324905790819274e-01
6.680886578836144896e-01
6.687705105688049878e-01
6.693113942701689467e-01
6.699444638321256917e-01
6.707271801992041871e-01
6.715063438725553668e-01
6.725053791889447075e-01
6.738131284725358272e-01
6.751198211092211965e-01
6.771373089068569717e-01
6.808293775493516886e-01
6.931471805599453972e-01
