1.890063
1.736869
1.626653
1.485123
1.379688
1.281608
1.213192
1.170812
1.118808
1.112718
1.068342
1.016679
1.022572
1.002458
0.981062
0.986490
0.946388
0.945394
0.915876
0.931779
0.942552
0.906818
0.898893
0.911557
0.895921
0.890461
0.902251
0.878973
0.872382
0.879611
0.875565
0.879366
0.871897
0.883168
0.834397
0.829899
0.843048
0.848337
0.836351
0.831903
0.832210
0.823891
0.807075
0.813915
0.814266
0.817981
0.832852
0.777441
0.783530
0.801778
0.799669
0.773673
0.775052
0.763469
0.762772
0.782225
0.757894
0.731170
0.750995
0.724514
0.717304
0.711197
0.727313
0.748153
0.723342
0.731699
0.741683
0.726752
0.695806
