0.000000000000000000e+00 1.000000000000000000e+00 3.196616704681221055e-01 3.196616704681221055e-01
2.040816326530612082e-02 3.849548778077860334e-01 6.468358283295054800e-01 8.244270663625502538e-01
4.081632653061224164e-02 3.716990771785292358e-01 6.839507623608214182e-01 8.503584229390680482e-01
6.122448979591836593e-02 3.639214702377218669e-01 7.085330483895588838e-01 8.658086238731399487e-01
8.163265306122448328e-02 3.587195783599441690e-01 7.258099927861242362e-01 8.758281742152710381e-01
1.020408163265306006e-01 3.547722626166356918e-01 7.393323936442849353e-01 8.832002823938307490e-01
1.224489795918367319e-01 3.513987881747836495e-01 7.514850838827599189e-01 8.895541435864016133e-01
1.428571428571428492e-01 3.486134090253639184e-01 7.614043230340803436e-01 8.944417291191484320e-01
1.632653061224489666e-01 3.459958311935474318e-01 7.707863656246844997e-01 8.988541327251005075e-01
1.836734693877550839e-01 3.440358690418873211e-01 7.783110384968855433e-01 9.023569023569023573e-01
2.040816326530612013e-01 3.420077694949828495e-01 7.850846990772620826e-01 9.051672640382317780e-01
2.244897959183673186e-01 3.402112760354321086e-01 7.907696588182102637e-01 9.073531009014880189e-01
2.448979591836734637e-01 3.385644532708186882e-01 7.959140690817185781e-01 9.092402519821874973e-01
2.653061224489795533e-01 3.370136933232011911e-01 8.010908833321527256e-01 9.111681329423264586e-01
2.857142857142856984e-01 3.353998483564515354e-01 8.066361556064073346e-01 9.132046269143043737e-01
3.061224489795917880e-01 3.337438240923455979e-01 8.120577617328519349e-01 9.150510481155642584e-01
3.265306122448979331e-01 3.320747453210139977e-01 8.176382660687593340e-01 9.169110459433039706e-01
3.469387755102040782e-01 3.307060998151571396e-01 8.217829058572793111e-01 9.181193657000108477e-01
3.673469387755101678e-01 3.292630708580034371e-01 8.264156537207233422e-01 9.195041816009558167e-01
3.877551020408163129e-01 3.279411330993600160e-01 8.305882352941176272e-01 9.206853481047029275e-01
4.081632653061224025e-01 3.266775632813535557e-01 8.349642453895370631e-01 9.220022808732486475e-01
4.285714285714285476e-01 3.249922813414293232e-01 8.403664841849148859e-01 9.234414032801129268e-01
4.489795918367346372e-01 3.236361499243325945e-01 8.438170395341709762e-01 9.240387748452264516e-01
4.693877551020407823e-01 3.223680347601432516e-01 8.476205179667296585e-01 9.248941023134571449e-01
4.897959183673469274e-01 3.209157707933062431e-01 8.517321915142078703e-01 9.256951232757684167e-01
5.102040816326530726e-01 3.194924690851549953e-01 8.561108711868399279e-01 9.266319105028782976e-01
5.306122448979591066e-01 3.181485386282434380e-01 8.596921615953784235e-01 9.271749755620722899e-01
5.510204081632652517e-01 3.165129556433904368e-01 8.633550293495187988e-01 9.274193548387096309e-01
5.714285714285713969e-01 3.150155817934424674e-01 8.673461166612955742e-01 9.279488432714239066e-01
5.918367346938775420e-01 3.136162183509588197e-01 8.706651506537805840e-01 9.281932225480612475e-01
6.122448979591835760e-01 3.121454056267181643e-01 8.742679280828931088e-01 9.284783317041381823e-01
6.326530612244897211e-01 3.107266132334873809e-01 8.768418011473854135e-01 9.282611056804604965e-01
6.530612244897958663e-01 3.092769939323050110e-01 8.805678128382316006e-01 9.285733680894970865e-01
6.734693877551020114e-01 3.075956028534674314e-01 8.846008323874384738e-01 9.287498642337351784e-01
6.938775510204081565e-01 3.059079747427502216e-01 8.885916868339489572e-01 9.288584772455740213e-01
7.142857142857141906e-01 3.039827992218695485e-01 8.916680967908013900e-01 9.282203758010210137e-01
7.346938775510203357e-01 3.018967334035826955e-01 8.953513607361430759e-01 9.276637341153469718e-01
7.551020408163264808e-01 2.997246873444044390e-01 8.992925875477832953e-01 9.270935158031932133e-01
7.755102040816326259e-01 2.975345919324577926e-01 9.027796308650211099e-01 9.262517649614423476e-01
7.959183673469386600e-01 2.952418668778785116e-01 9.070794466225046149e-01 9.256272401433691677e-01
8.163265306122448051e-01 2.925381903642773063e-01 9.109454329232036240e-01 9.242967307483436201e-01
8.367346938775509502e-01 2.897001073671515159e-01 9.155433671097890080e-01 9.230884109916367430e-01
8.571428571428570953e-01 2.866297398426681520e-01 9.202572955588137482e-01 9.216085587053328698e-01
8.775510204081632404e-01 2.831636417293788011e-01 9.261136045557646357e-01 9.200879765395894028e-01
8.979591836734692745e-01 2.793439034490918793e-01 9.316332067281606344e-01 9.179428695557727558e-01
9.183673469387754196e-01 2.741535675587418730e-01 9.385162601626015899e-01 9.146709025741284194e-01
9.387755102040815647e-01 2.679373033272187676e-01 9.460768825697735140e-01 9.103535353535353591e-01
9.591836734693877098e-01 2.581372961915648911e-01 9.560470168792825074e-01 9.026284348864993534e-01
9.795918367346938549e-01 2.388023107923811228e-01 9.727840199750311667e-01 8.859970674486803421e-01
1.000000000000000000e+00 0.000000000000000000e+00 0.000000000000000000e+00 6.803383295318778945e-01
