9.929180350465210969e-01
6.594123222291806696e-01
6.400424980918162365e-01
6.300115034368473088e-01
6.229899715430571305e-01
6.178878462429480134e-01
6.138426812375397112e-01
6.107632660469076713e-01
6.081001714117767465e-01
6.061081815479252288e-01
6.043081914709164115e-01
6.026444180611014723e-01
6.012459969108709945e-01
6.000432628870597807e-01
5.989817684589232583e-01
5.979244509197101376e-01
5.969326377504042824e-01
5.963198375602229984e-01
5.956243760878253690e-01
5.951830433010537602e-01
5.945310342144453086e-01
5.940618052911544877e-01
5.935745664497034113e-01
5.932826143663139096e-01
5.930560599411623945e-01
5.927436132353768317e-01
5.924784451384420558e-01
5.921808760177714737e-01
5.918552525034420642e-01
5.916690879905288636e-01
5.916277180496901655e-01
5.915124096507503593e-01
5.915473225230365450e-01
5.914443303940760677e-01
5.915360001858249728e-01
5.915141198796453059e-01
5.914491551952126835e-01
5.916313526370788889e-01
5.919354124621017954e-01
5.922920453706964627e-01
5.926060248663512775e-01
5.929473370081348449e-01
5.932724193599094864e-01
5.940617372196272949e-01
5.948049877125942686e-01
5.955642640162073231e-01
5.966829879703227091e-01
5.983672606227455892e-01
6.009006671230744390e-01
6.060503568560572374e-01
6.931471805599453972e-01
