9.929180350465210969e-01
6.797878749386437880e-01
6.633895223174388622e-01
6.535795336999395966e-01
6.471508939450859588e-01
6.423868460178676632e-01
6.382622745341746118e-01
6.350419722594522476e-01
6.321156666988402284e-01
6.298156437309827549e-01
6.278646503270116641e-01
6.263060028134030954e-01
6.249343975286613118e-01
6.235594825100935212e-01
6.221012277887368880e-01
6.207419588663617427e-01
6.193674855283706204e-01
6.184075022196248161e-01
6.173469337614332364e-01
6.164192624644087015e-01
6.154264450437882950e-01
6.142734644456476767e-01
6.136532081139548511e-01
6.129080803760013074e-01
6.121474149020815769e-01
6.113223781718323258e-01
6.107326465844912233e-01
6.102357839427929864e-01
6.096074792070727000e-01
6.091664104734443308e-01
6.086847628605630556e-01
6.084894112854565273e-01
6.079995337186736570e-01
6.075277472653103361e-01
6.070921999441662997e-01
6.070155205613746441e-01
6.068597544763250085e-01
6.066881997520627845e-01
6.066631563536427629e-01
6.065017751172586680e-01
6.066295916138341182e-01
6.066629367401153994e-01
6.068051585349811816e-01
6.068834002916237980e-01
6.072276669623273282e-01
6.079027017800441302e-01
6.089341399318314307e-01
6.111148696101994515e-01
6.163180766915302700e-01
6.931471805599453972e-01
