0.000000000000000000e+00 1.000000000000000000e+00 3.196616704681221055e-01 3.196616704681221055e-01 2.354500000000000000e+04 0.000000000000000000e+00 5.011100000000000000e+04 0.000000000000000000e+00
2.000000000000000042e-02 3.705187484165188838e-01 6.931599371982107849e-01 8.573911154556316250e-01 2.339900000000000000e+04 1.460000000000000000e+02 1.035800000000000000e+04 3.975300000000000000e+04
4.000000000000000083e-02 3.561983092045923338e-01 7.444565147932775684e-01 8.880878679265775677e-01 2.330000000000000000e+04 2.450000000000000000e+02 7.998000000000000000e+03 4.211300000000000000e+04
5.999999999999999778e-02 3.487299656016703553e-01 7.746413079746412578e-01 9.038367546432062305e-01 2.321600000000000000e+04 3.290000000000000000e+02 6.754000000000000000e+03 4.335700000000000000e+04
8.000000000000000167e-02 3.435241388521986794e-01 7.975124035281146995e-01 9.148066688389269174e-01 2.314700000000000000e+04 3.980000000000000000e+02 5.877000000000000000e+03 4.423400000000000000e+04
1.000000000000000056e-01 3.394646614771105186e-01 8.153895094019510958e-01 9.226268056913218274e-01 2.306900000000000000e+04 4.760000000000000000e+02 5.223000000000000000e+03 4.488800000000000000e+04
1.199999999999999956e-01 3.360913356820208198e-01 8.304197067109730934e-01 9.287362876072553508e-01 2.299100000000000000e+04 5.540000000000000000e+02 4.695000000000000000e+03 4.541600000000000000e+04
1.400000000000000133e-01 3.333478798458069936e-01 8.425619530847856531e-01 9.333251873574454072e-01 2.291600000000000000e+04 6.290000000000000000e+02 4.282000000000000000e+03 4.582900000000000000e+04
1.600000000000000033e-01 3.310012167564748697e-01 8.533816334914292590e-01 9.372759856630824560e-01 2.285100000000000000e+04 6.940000000000000000e+02 3.926000000000000000e+03 4.618500000000000000e+04
1.799999999999999933e-01 3.290153943910117396e-01 8.619802504634709317e-01 9.401270772238514706e-01 2.278300000000000000e+04 7.620000000000000000e+02 3.648000000000000000e+03 4.646300000000000000e+04
2.000000000000000111e-01 3.273088610147035782e-01 8.698714023270055495e-01 9.427473661344628608e-01 2.272800000000000000e+04 8.170000000000000000e+02 3.400000000000000000e+03 4.671100000000000000e+04
2.200000000000000011e-01 3.257106741169542019e-01 8.773796625909301428e-01 9.451640056478766150e-01 2.267500000000000000e+04 8.700000000000000000e+02 3.169000000000000000e+03 4.694200000000000000e+04
2.399999999999999911e-01 3.241492015252731007e-01 8.840755366149274375e-01 9.470783099815357486e-01 2.261200000000000000e+04 9.330000000000000000e+02 2.965000000000000000e+03 4.714600000000000000e+04
2.600000000000000089e-01 3.228105323411562533e-01 8.899672545074367447e-01 9.487346584120777138e-01 2.255800000000000000e+04 9.870000000000000000e+02 2.789000000000000000e+03 4.732200000000000000e+04
2.800000000000000266e-01 3.214540881941070349e-01 8.955057521595477521e-01 9.501194743130226827e-01 2.249600000000000000e+04 1.049000000000000000e+03 2.625000000000000000e+03 4.748600000000000000e+04
2.999999999999999889e-01 3.200918910434770170e-01 9.011408371495139846e-01 9.514907135874878241e-01 2.243300000000000000e+04 1.112000000000000000e+03 2.461000000000000000e+03 4.765000000000000000e+04
3.200000000000000067e-01 3.187939068355729044e-01 9.065564470378474349e-01 9.527669164765939502e-01 2.237200000000000000e+04 1.173000000000000000e+03 2.306000000000000000e+03 4.780500000000000000e+04
3.400000000000000244e-01 3.177410397710282441e-01 9.103296344647520133e-01 9.534457478005865516e-01 2.231400000000000000e+04 1.231000000000000000e+03 2.198000000000000000e+03 4.791300000000000000e+04
3.599999999999999867e-01 3.166206641436417057e-01 9.145604734311428841e-01 9.542467687628978235e-01 2.225400000000000000e+04 1.291000000000000000e+03 2.079000000000000000e+03 4.803200000000000000e+04
3.800000000000000044e-01 3.156322885260822719e-01 9.177521399330107466e-01 9.546540675572933177e-01 2.219400000000000000e+04 1.351000000000000000e+03 1.989000000000000000e+03 4.812200000000000000e+04
4.000000000000000222e-01 3.145995566418461897e-01 9.218053878502727727e-01 9.554143586401651067e-01 2.213900000000000000e+04 1.406000000000000000e+03 1.878000000000000000e+03 4.823300000000000000e+04
4.199999999999999845e-01 3.132129615160598179e-01 9.258419417149575947e-01 9.556994677962420415e-01 2.204800000000000000e+04 1.497000000000000000e+03 1.766000000000000000e+03 4.834500000000000000e+04
4.400000000000000022e-01 3.122195717612313293e-01 9.293351929335192940e-01 9.561746497230367847e-01 2.198900000000000000e+04 1.556000000000000000e+03 1.672000000000000000e+03 4.843900000000000000e+04
4.600000000000000200e-01 3.111139506488343476e-01 9.323490618218950310e-01 9.562561094819159724e-01 2.191300000000000000e+04 1.632000000000000000e+03 1.590000000000000000e+03 4.852100000000000000e+04
4.799999999999999822e-01 3.101201124456938185e-01 9.349398621752343930e-01 9.562561094819159724e-01 2.184300000000000000e+04 1.702000000000000000e+03 1.520000000000000000e+03 4.859100000000000000e+04
5.000000000000000000e-01 3.091685948301560183e-01 9.378229417843609861e-01 9.564326056261540643e-01 2.178000000000000000e+04 1.765000000000000000e+03 1.444000000000000000e+03 4.866700000000000000e+04
5.200000000000000178e-01 3.082676885955574209e-01 9.404607257296266898e-01 9.565412186379927961e-01 2.171900000000000000e+04 1.826000000000000000e+03 1.375000000000000000e+03 4.873600000000000000e+04
5.400000000000000355e-01 3.075122034283119810e-01 9.429963883207866937e-01 9.567720212881503095e-01 2.167100000000000000e+04 1.874000000000000000e+03 1.310000000000000000e+03 4.880100000000000000e+04
5.600000000000000533e-01 3.063422247446084268e-01 9.464340507605313313e-01 9.568806342999891523e-01 2.159100000000000000e+04 1.954000000000000000e+03 1.222000000000000000e+03 4.888900000000000000e+04
5.799999999999999600e-01 3.053423199716211456e-01 9.490605980418099774e-01 9.568127511675899033e-01 2.151900000000000000e+04 2.026000000000000000e+03 1.155000000000000000e+03 4.895600000000000000e+04
5.999999999999999778e-01 3.043052420900225763e-01 9.511935397994498720e-01 9.564597588791137195e-01 2.143800000000000000e+04 2.107000000000000000e+03 1.100000000000000000e+03 4.901100000000000000e+04
6.199999999999999956e-01 3.033052219098730795e-01 9.535776458510021314e-01 9.562561094819159724e-01 2.136300000000000000e+04 2.182000000000000000e+03 1.040000000000000000e+03 4.907100000000000000e+04
6.400000000000000133e-01 3.024203857844947607e-01 9.551388452738773793e-01 9.558216574345607119e-01 2.129100000000000000e+04 2.254000000000000000e+03 1.000000000000000000e+03 4.911100000000000000e+04
6.600000000000000311e-01 3.013511785516388986e-01 9.576485461441213154e-01 9.555637015314434324e-01 2.121000000000000000e+04 2.335000000000000000e+03 9.380000000000000000e+02 4.917300000000000000e+04
6.800000000000000488e-01 3.001777209070874974e-01 9.595945823106990513e-01 9.549120234604105972e-01 2.111300000000000000e+04 2.432000000000000000e+03 8.890000000000000000e+02 4.922200000000000000e+04
7.000000000000000666e-01 2.992220057176179226e-01 9.616052655635798363e-01 9.545590311719344134e-01 2.103800000000000000e+04 2.507000000000000000e+03 8.400000000000000000e+02 4.927100000000000000e+04
7.199999999999999734e-01 2.980464136822185139e-01 9.642331062419443599e-01 9.541788856304985744e-01 2.094700000000000000e+04 2.598000000000000000e+03 7.770000000000000000e+02 4.933400000000000000e+04
7.399999999999999911e-01 2.966502406927393198e-01 9.663187195546276698e-01 9.532692516563484597e-01 2.082900000000000000e+04 2.716000000000000000e+03 7.260000000000000000e+02 4.938500000000000000e+04
7.600000000000000089e-01 2.953531147961729886e-01 9.676726151546295451e-01 9.521695449114804255e-01 2.071400000000000000e+04 2.831000000000000000e+03 6.920000000000000000e+02 4.941900000000000000e+04
7.800000000000000266e-01 2.939622803135216733e-01 9.690323795180723065e-01 9.509476485282937208e-01 2.059000000000000000e+04 2.955000000000000000e+03 6.580000000000000000e+02 4.945300000000000000e+04
8.000000000000000444e-01 2.923576166514181285e-01 9.710365129860880629e-01 9.497121755186270775e-01 2.045100000000000000e+04 3.094000000000000000e+03 6.100000000000000000e+02 4.950100000000000000e+04
8.200000000000000622e-01 2.908000400807340680e-01 9.728474284072406997e-01 9.484495492560008900e-01 2.031500000000000000e+04 3.230000000000000000e+03 5.670000000000000000e+02 4.954400000000000000e+04
8.399999999999999689e-01 2.890644037670398458e-01 9.751450676982591492e-01 9.471461931139349977e-01 2.016600000000000000e+04 3.379000000000000000e+03 5.140000000000000000e+02 4.959700000000000000e+04
8.599999999999999867e-01 2.868125709523056677e-01 9.764677103718200080e-01 9.447838601064407760e-01 1.995900000000000000e+04 3.586000000000000000e+03 4.810000000000000000e+02 4.963000000000000000e+04
8.800000000000000044e-01 2.844363133481229711e-01 9.782985681018678825e-01 9.424622569783860371e-01 1.974500000000000000e+04 3.800000000000000000e+03 4.380000000000000000e+02 4.967300000000000000e+04
9.000000000000000222e-01 2.820172144878978493e-01 9.801736686242031871e-01 9.400999239708917044e-01 1.952800000000000000e+04 4.017000000000000000e+03 3.950000000000000000e+02 4.971600000000000000e+04
9.200000000000000400e-01 2.785685296846011072e-01 9.827171856624226098e-01 9.366786140979689312e-01 1.921900000000000000e+04 4.326000000000000000e+03 3.380000000000000000e+02 4.977300000000000000e+04
9.400000000000000577e-01 2.742821345842863523e-01 9.844697761974482431e-01 9.319132182035407830e-01 1.882700000000000000e+04 4.718000000000000000e+03 2.970000000000000000e+02 4.981400000000000000e+04
9.599999999999999645e-01 2.679174373880618965e-01 9.868598929324609026e-01 9.248126425545780682e-01 1.825000000000000000e+04 5.295000000000000000e+03 2.430000000000000000e+02 4.986800000000000000e+04
9.799999999999999822e-01 2.554304882594111148e-01 9.902323430817246974e-01 9.106522211360921215e-01 1.713300000000000000e+04 6.412000000000000000e+03 1.690000000000000000e+02 4.994200000000000000e+04
1.000000000000000000e+00 0.000000000000000000e+00 0.000000000000000000e+00 6.803383295318778945e-01 0.000000000000000000e+00 2.354500000000000000e+04 0.000000000000000000e+00 5.011100000000000000e+04
