0.000000000000000000e+00 1.000000000000000000e+00 3.196616704681221055e-01 3.196616704681221055e-01
2.040816326530612082e-02 3.650532581453634351e-01 7.087679815090781599e-01 8.667318344737700020e-01
4.081632653061224164e-02 3.519366170410134220e-01 7.553691494222860570e-01 8.927853806886064669e-01
6.122448979591836593e-02 3.445146605169366882e-01 7.839836428693133241e-01 9.066199630715759961e-01
8.163265306122448328e-02 3.388214004954093195e-01 8.049545422510395731e-01 9.153225806451612545e-01
1.020408163265306006e-01 3.344818954219493379e-01 8.221136445892146538e-01 9.220022808732486475e-01
1.224489795918367319e-01 3.307940228537943339e-01 8.359557217429935960e-01 9.267405235147170295e-01
1.428571428571428492e-01 3.274103899514201887e-01 8.485066162570888970e-01 9.306370153144346569e-01
1.632653061224489666e-01 3.244202108324245604e-01 8.594761171032357927e-01 9.337324861518410124e-01
1.836734693877550839e-01 3.219340990834203553e-01 8.686362747016239672e-01 9.361355490387748279e-01
2.040816326530612013e-01 3.194933043792978489e-01 8.766584571383173596e-01 9.378054740957967317e-01
2.244897959183673186e-01 3.175190392924753247e-01 8.839716768587061457e-01 9.394889757792983520e-01
2.448979591836734637e-01 3.155905057355168908e-01 8.909164969450101834e-01 9.409280981861627424e-01
2.653061224489795533e-01 3.137701421117869427e-01 8.970291318142485926e-01 9.419734984251113552e-01
2.857142857142856984e-01 3.118617212819589368e-01 9.025762881440719809e-01 9.425572933637449413e-01
3.061224489795917880e-01 3.102584767716308756e-01 9.079728762161479727e-01 9.433583143260562132e-01
3.265306122448979331e-01 3.085420052641419941e-01 9.133174386920981380e-01 9.439421092646899103e-01
3.469387755102040782e-01 3.069509177743253159e-01 9.169352412874393066e-01 9.437927663734115846e-01
3.673469387755101678e-01 3.054165228397192622e-01 9.211382466490261045e-01 9.439556858911697379e-01
3.877551020408163129e-01 3.041933906640973406e-01 9.245596398443988173e-01 9.440914521559682360e-01
4.081632653061224025e-01 3.025216127965016932e-01 9.283570230422882874e-01 9.438334962528510674e-01
4.285714285714285476e-01 3.006719327779456274e-01 9.327352258525263284e-01 9.435891169762137265e-01
4.489795918367346372e-01 2.995683453237409921e-01 9.356882836726438946e-01 9.435755403497338989e-01
4.693877551020407823e-01 2.982357681459736343e-01 9.391000951561012666e-01 9.434669273378950560e-01
4.897959183673469274e-01 2.970701663500834866e-01 9.423471949605148890e-01 9.434669273378950560e-01
5.102040816326530726e-01 2.958986904590588662e-01 9.455966888939986159e-01 9.434397740849354008e-01
5.306122448979591066e-01 2.947189587652614406e-01 9.479046075480435096e-01 9.429781687846203742e-01
5.510204081632652517e-01 2.934533669427439873e-01 9.505879059350503812e-01 9.425572933637449413e-01
5.714285714285713969e-01 2.921921618933683296e-01 9.528106786990035992e-01 9.419327685456717614e-01
5.918367346938775420e-01 2.910045280189196282e-01 9.552662721893491193e-01 9.414847398718366733e-01
6.122448979591835760e-01 2.898971095429816458e-01 9.569836128048780921e-01 9.408194851743238996e-01
6.326530612244897211e-01 2.886950745816065922e-01 9.591729034734216564e-01 9.402221136092103748e-01
6.530612244897958663e-01 2.874611548746115464e-01 9.606801275239107429e-01 9.392989030085804325e-01
6.734693877551020114e-01 2.860614828209764871e-01 9.629882146683549360e-01 9.384843054197893331e-01
6.938775510204081565e-01 2.847151834583417918e-01 9.650552147239264134e-01 9.376289779515586398e-01
7.142857142857141906e-01 2.834094368340943637e-01 9.665315404389954734e-01 9.365835777126099160e-01
7.346938775510203357e-01 2.821933705664756431e-01 9.686784184842147649e-01 9.359047463886173146e-01
7.551020408163264808e-01 2.805381218038121571e-01 9.704005226393286332e-01 9.345063538611925180e-01
7.755102040816326259e-01 2.786372302184448313e-01 9.723717623158963930e-01 9.328907353100901467e-01
7.959183673469386600e-01 2.769282351054679903e-01 9.739054649851327516e-01 9.313429998913870245e-01
8.163265306122448051e-01 2.750533049040511657e-01 9.756021756021755476e-01 9.296459215814054655e-01
8.367346938775509502e-01 2.730639188536467810e-01 9.766516595120929844e-01 9.275686977299880676e-01
8.571428571428570953e-01 2.710285856763614554e-01 9.783460398136383240e-01 9.256679700228087615e-01
8.775510204081632404e-01 2.687840023525951971e-01 9.795830877230587985e-01 9.233463668947540226e-01
8.979591836734692745e-01 2.659222985928788585e-01 9.813837025747101928e-01 9.204681220810253528e-01
9.183673469387754196e-01 2.629888867514095230e-01 9.830733488217723304e-01 9.174676876289779015e-01
9.387755102040815647e-01 2.590935442153612933e-01 9.848570459938975619e-01 9.133403931791028718e-01
9.591836734693877098e-01 2.526326827149212861e-01 9.871809880590025621e-01 9.063348539154990613e-01
9.795918367346938549e-01 2.383210343355491867e-01 9.902439024390243816e-01 8.904637775605517280e-01
1.000000000000000000e+00 0.000000000000000000e+00 0.000000000000000000e+00 6.803383295318778945e-01
