9.936634387415037573e-01
9.936634387415037573e-01
9.936634387415037573e-01
9.936634387415037573e-01
9.936634387415037573e-01
9.936634387415037573e-01
9.936634387415037573e-01
9.936634387415037573e-01
9.936634387415037573e-01
9.936634387415037573e-01
9.936634387415037573e-01
9.936634387415037573e-01
9.936634387415037573e-01
9.936634387415037573e-01
9.936634387415037573e-01
9.936634387415037573e-01
9.936634387415037573e-01
9.936634387415037573e-01
9.936634387415037573e-01
9.936634387415037573e-01
9.936634387415037573e-01
9.936634387415037573e-01
9.936634387415037573e-01
9.936634387415037573e-01
9.936634387415037573e-01
9.936634387415037573e-01
9.936634387415037573e-01
9.936634387415037573e-01
9.936634387415037573e-01
9.936634387415037573e-01
9.936634387415037573e-01
9.931754817901503607e-01
9.925248725216792023e-01
9.920098068508061973e-01
9.910474473078592084e-01
9.902748488015495898e-01
9.891769456610044475e-01
9.875639768495863002e-01
9.860052254772073699e-01
9.838907453546759108e-01
9.807732426099180501e-01
9.758259012975849522e-01
9.680728075149698242e-01
9.566600365972041109e-01
9.372773021406661798e-01
9.026323585945745798e-01
8.368394963204238701e-01
7.113125705847609392e-01
5.431029659654351693e-01
6.328599362949416385e-01
6.328599362949416385e-01
