0.000000000000000000e+00 1.000000000000000000e+00 3.195982487767190516e-01 3.195982487767190516e-01 2.357900000000000000e+04 0.000000000000000000e+00 5.019800000000000000e+04 0.000000000000000000e+00
2.000000000000000042e-02 1.000000000000000000e+00 3.195982487767190516e-01 3.195982487767190516e-01 2.357900000000000000e+04 0.000000000000000000e+00 5.019800000000000000e+04 0.000000000000000000e+00
4.000000000000000083e-02 1.000000000000000000e+00 3.195982487767190516e-01 3.195982487767190516e-01 2.357900000000000000e+04 0.000000000000000000e+00 5.019800000000000000e+04 0.000000000000000000e+00
5.999999999999999778e-02 1.000000000000000000e+00 3.195982487767190516e-01 3.195982487767190516e-01 2.357900000000000000e+04 0.000000000000000000e+00 5.019800000000000000e+04 0.000000000000000000e+00
8.000000000000000167e-02 1.000000000000000000e+00 3.195982487767190516e-01 3.195982487767190516e-01 2.357900000000000000e+04 0.000000000000000000e+00 5.019800000000000000e+04 0.000000000000000000e+00
1.000000000000000056e-01 1.000000000000000000e+00 3.195982487767190516e-01 3.195982487767190516e-01 2.357900000000000000e+04 0.000000000000000000e+00 5.019800000000000000e+04 0.000000000000000000e+00
1.199999999999999956e-01 1.000000000000000000e+00 3.195982487767190516e-01 3.195982487767190516e-01 2.357900000000000000e+04 0.000000000000000000e+00 5.019800000000000000e+04 0.000000000000000000e+00
1.400000000000000133e-01 1.000000000000000000e+00 3.195982487767190516e-01 3.195982487767190516e-01 2.357900000000000000e+04 0.000000000000000000e+00 5.019800000000000000e+04 0.000000000000000000e+00
1.600000000000000033e-01 1.000000000000000000e+00 3.195982487767190516e-01 3.195982487767190516e-01 2.357900000000000000e+04 0.000000000000000000e+00 5.019800000000000000e+04 0.000000000000000000e+00
1.799999999999999933e-01 1.000000000000000000e+00 3.195982487767190516e-01 3.195982487767190516e-01 2.357900000000000000e+04 0.000000000000000000e+00 5.019800000000000000e+04 0.000000000000000000e+00
2.000000000000000111e-01 1.000000000000000000e+00 3.195982487767190516e-01 3.195982487767190516e-01 2.357900000000000000e+04 0.000000000000000000e+00 5.019800000000000000e+04 0.000000000000000000e+00
2.200000000000000011e-01 1.000000000000000000e+00 3.195982487767190516e-01 3.195982487767190516e-01 2.357900000000000000e+04 0.000000000000000000e+00 5.019800000000000000e+04 0.000000000000000000e+00
2.399999999999999911e-01 1.000000000000000000e+00 3.195982487767190516e-01 3.195982487767190516e-01 2.357900000000000000e+04 0.000000000000000000e+00 5.019800000000000000e+04 0.000000000000000000e+00
2.600000000000000089e-01 1.000000000000000000e+00 3.195982487767190516e-01 3.195982487767190516e-01 2.357900000000000000e+04 0.000000000000000000e+00 5.019800000000000000e+04 0.000000000000000000e+00
2.800000000000000266e-01 1.000000000000000000e+00 3.195982487767190516e-01 3.195982487767190516e-01 2.357900000000000000e+04 0.000000000000000000e+00 5.019800000000000000e+04 0.000000000000000000e+00
2.999999999999999889e-01 1.000000000000000000e+00 3.195982487767190516e-01 3.195982487767190516e-01 2.357900000000000000e+04 0.000000000000000000e+00 5.019800000000000000e+04 0.000000000000000000e+00
3.200000000000000067e-01 1.000000000000000000e+00 3.195982487767190516e-01 3.195982487767190516e-01 2.357900000000000000e+04 0.000000000000000000e+00 5.019800000000000000e+04 0.000000000000000000e+00
3.400000000000000244e-01 1.000000000000000000e+00 3.195982487767190516e-01 3.195982487767190516e-01 2.357900000000000000e+04 0.000000000000000000e+00 5.019800000000000000e+04 0.000000000000000000e+00
3.599999999999999867e-01 1.000000000000000000e+00 3.195982487767190516e-01 3.195982487767190516e-01 2.357900000000000000e+04 0.000000000000000000e+00 5.019800000000000000e+04 0.000000000000000000e+00
3.800000000000000044e-01 1.000000000000000000e+00 3.195982487767190516e-01 3.195982487767190516e-01 2.357900000000000000e+04 0.000000000000000000e+00 5.019800000000000000e+04 0.000000000000000000e+00
4.000000000000000222e-01 1.000000000000000000e+00 3.195982487767190516e-01 3.195982487767190516e-01 2.357900000000000000e+04 0.000000000000000000e+00 5.019800000000000000e+04 0.000000000000000000e+00
4.199999999999999845e-01 1.000000000000000000e+00 3.195982487767190516e-01 3.195982487767190516e-01 2.357900000000000000e+04 0.000000000000000000e+00 5.019800000000000000e+04 0.000000000000000000e+00
4.400000000000000022e-01 1.000000000000000000e+00 3.195982487767190516e-01 3.195982487767190516e-01 2.357900000000000000e+04 0.000000000000000000e+00 5.019800000000000000e+04 0.000000000000000000e+00
4.600000000000000200e-01 1.000000000000000000e+00 3.195982487767190516e-01 3.195982487767190516e-01 2.357900000000000000e+04 0.000000000000000000e+00 5.019800000000000000e+04 0.000000000000000000e+00
4.799999999999999822e-01 1.000000000000000000e+00 3.195982487767190516e-01 3.195982487767190516e-01 2.357900000000000000e+04 0.000000000000000000e+00 5.019800000000000000e+04 0.000000000000000000e+00
5.000000000000000000e-01 1.000000000000000000e+00 3.195982487767190516e-01 3.195982487767190516e-01 2.357900000000000000e+04 0.000000000000000000e+00 5.019800000000000000e+04 0.000000000000000000e+00
5.200000000000000178e-01 1.000000000000000000e+00 3.195982487767190516e-01 3.195982487767190516e-01 2.357900000000000000e+04 0.000000000000000000e+00 5.019800000000000000e+04 0.000000000000000000e+00
5.400000000000000355e-01 1.000000000000000000e+00 3.195982487767190516e-01 3.195982487767190516e-01 2.357900000000000000e+04 0.000000000000000000e+00 5.019800000000000000e+04 0.000000000000000000e+00
5.600000000000000533e-01 1.000000000000000000e+00 3.195982487767190516e-01 3.195982487767190516e-01 2.357900000000000000e+04 0.000000000000000000e+00 5.019800000000000000e+04 0.000000000000000000e+00
5.799999999999999600e-01 1.000000000000000000e+00 3.195982487767190516e-01 3.195982487767190516e-01 2.357900000000000000e+04 0.000000000000000000e+00 5.019800000000000000e+04 0.000000000000000000e+00
5.999999999999999778e-01 1.000000000000000000e+00 3.195982487767190516e-01 3.195982487767190516e-01 2.357900000000000000e+04 0.000000000000000000e+00 5.019800000000000000e+04 0.000000000000000000e+00
6.199999999999999956e-01 1.000000000000000000e+00 3.197542750979780468e-01 3.200862057280724482e-01 2.357900000000000000e+04 3.600000000000000000e+01 5.016200000000000000e+04 0.000000000000000000e+00
6.400000000000000133e-01 1.000000000000000000e+00 3.199625473247119656e-01 3.207368149965436621e-01 2.357900000000000000e+04 8.400000000000000000e+01 5.011400000000000000e+04 0.000000000000000000e+00
6.600000000000000311e-01 1.000000000000000000e+00 3.201276220215871215e-01 3.212518806674166671e-01 2.357900000000000000e+04 1.220000000000000000e+02 5.007600000000000000e+04 0.000000000000000000e+00
6.800000000000000488e-01 1.000000000000000000e+00 3.204365079365079638e-01 3.222142402103636560e-01 2.357900000000000000e+04 1.930000000000000000e+02 5.000500000000000000e+04 0.000000000000000000e+00
7.000000000000000666e-01 1.000000000000000000e+00 3.206849184653256524e-01 3.229868387166732191e-01 2.357900000000000000e+04 2.500000000000000000e+02 4.994800000000000000e+04 0.000000000000000000e+00
7.199999999999999734e-01 1.000000000000000000e+00 3.210385861721536949e-01 3.240847418572183614e-01 2.357900000000000000e+04 3.310000000000000000e+02 4.986700000000000000e+04 0.000000000000000000e+00
7.399999999999999911e-01 1.000000000000000000e+00 3.215595892372523079e-01 3.256977106686365642e-01 2.357900000000000000e+04 4.500000000000000000e+02 4.974800000000000000e+04 0.000000000000000000e+00
7.600000000000000089e-01 1.000000000000000000e+00 3.220646888488226112e-01 3.272564620410154945e-01 2.357900000000000000e+04 5.650000000000000000e+02 4.963300000000000000e+04 0.000000000000000000e+00
7.800000000000000266e-01 9.999575893803808180e-01 3.227475566019656905e-01 3.293709421635468981e-01 2.357800000000000000e+04 7.220000000000000000e+02 4.947600000000000000e+04 1.000000000000000000e+00
8.000000000000000444e-01 9.999575893803808180e-01 3.237668900362518087e-01 3.324884449083047588e-01 2.357800000000000000e+04 9.520000000000000000e+02 4.924600000000000000e+04 1.000000000000000000e+00
8.200000000000000622e-01 9.998727681411425650e-01 3.253881719688082041e-01 3.374357862206378567e-01 2.357600000000000000e+04 1.319000000000000000e+03 4.887900000000000000e+04 3.000000000000000000e+00
8.399999999999999689e-01 9.998303575215233829e-01 3.279726214159513487e-01 3.451888800032530402e-01 2.357500000000000000e+04 1.892000000000000000e+03 4.830600000000000000e+04 4.000000000000000000e+00
8.599999999999999867e-01 9.996607150430467659e-01 3.318410271571567427e-01 3.566016509210187535e-01 2.357100000000000000e+04 2.738000000000000000e+03 4.746000000000000000e+04 8.000000000000000000e+00
8.800000000000000044e-01 9.994486619449509668e-01 3.386357431277032815e-01 3.759843853775566846e-01 2.356600000000000000e+04 4.173000000000000000e+03 4.602500000000000000e+04 1.300000000000000000e+01
9.000000000000000222e-01 9.981763433563763943e-01 3.514147069802164847e-01 4.106293289236482846e-01 2.353600000000000000e+04 6.759000000000000000e+03 4.343900000000000000e+04 4.300000000000000000e+01
9.200000000000000400e-01 9.959709911361804835e-01 3.786703645774545657e-01 4.764221911977987722e-01 2.348400000000000000e+04 1.166500000000000000e+04 3.853300000000000000e+04 9.500000000000000000e+01
9.400000000000000577e-01 9.820178972814792573e-01 4.444508426427117853e-01 6.019491169334616476e-01 2.315500000000000000e+04 2.125500000000000000e+04 2.894300000000000000e+04 4.240000000000000000e+02
9.599999999999999645e-01 6.278892234615547352e-01 6.440316686967113569e-01 7.701587215527874175e-01 1.480500000000000000e+04 4.201500000000000000e+04 8.183000000000000000e+03 8.774000000000000000e+03
9.799999999999999822e-01 0.000000000000000000e+00 0.000000000000000000e+00 6.804017512232809484e-01 0.000000000000000000e+00 5.019800000000000000e+04 0.000000000000000000e+00 2.357900000000000000e+04
1.000000000000000000e+00 0.000000000000000000e+00 0.000000000000000000e+00 6.804017512232809484e-01 0.000000000000000000e+00 5.019800000000000000e+04 0.000000000000000000e+00 2.357900000000000000e+04
