9.929180350465210969e-01
6.667381119924457034e-01
6.507365261419514324e-01
6.418798779907006757e-01
6.356040358425273373e-01
6.308395670122507459e-01
6.269932254370256253e-01
6.242132631908182683e-01
6.217831255191685891e-01
6.195919624203923837e-01
6.175765029169960618e-01
6.160249898469772889e-01
6.146124704657914828e-01
6.132267812688027009e-01
6.118396261729051044e-01
6.106562797393013664e-01
6.095878512752659351e-01
6.086303617023778312e-01
6.077232675056095657e-01
6.067161328467224335e-01
6.058350498984764743e-01
6.047211554415944379e-01
6.039809323740369384e-01
6.031926926151416346e-01
6.024822268412466375e-01
6.019789494642914240e-01
6.015168452612570382e-01
6.009935933881063175e-01
6.004946649453497542e-01
5.998762552088825473e-01
5.995214318197166214e-01
5.991155165809020078e-01
5.987711391661443283e-01
5.983765933622010591e-01
5.980871106277109162e-01
5.978046282891981145e-01
5.973037991769746258e-01
5.967305182396523966e-01
5.966923710128572145e-01
5.966098228053267061e-01
5.966324809517883354e-01
5.965901419137301653e-01
5.966111648694221170e-01
5.968336067678825518e-01
5.972216511219391455e-01
5.981033634279458999e-01
5.991253280262487380e-01
6.011191926181685963e-01
6.066653601518668948e-01
6.931471805599453972e-01
