9.929180350465210969e-01
6.589363310320907052e-01
6.395493419748947694e-01
6.294775444699822753e-01
6.226044060863785701e-01
6.173308418790950380e-01
6.134628012192204771e-01
6.103966028513926334e-01
6.077078473381535284e-01
6.057333402350272289e-01
6.039507826471030016e-01
6.022966010331552988e-01
6.009542727496945957e-01
5.996772205182819837e-01
5.986469813349791780e-01
5.976582029565259413e-01
5.967037049797087045e-01
5.960370031727750817e-01
5.954507681528505847e-01
5.949386642263331249e-01
5.943841159710391286e-01
5.938160909074352567e-01
5.933569410303672909e-01
5.931621458100867494e-01
5.928694704981685160e-01
5.925758247078417584e-01
5.923409833780791667e-01
5.919775381718941354e-01
5.916853691459251774e-01
5.916538060225635665e-01
5.915482596764547463e-01
5.915116056661121613e-01
5.915009539452464882e-01
5.915090599825262307e-01
5.914929095501656464e-01
5.914930694604445538e-01
5.915839367110145020e-01
5.918363963474144729e-01
5.922224769081255724e-01
5.924906955988645807e-01
5.928688432590117907e-01
5.931669761633846516e-01
5.940080930989015684e-01
5.947132026110051317e-01
5.954936542306048519e-01
5.965951661633291936e-01
5.982935265550433090e-01
6.007923458364893277e-01
6.058462849640572356e-01
6.931471805599453972e-01
