0.000000000000000000e+00 1.000000000000000000e+00 3.196616704681221055e-01 3.196616704681221055e-01
2.040816326530612082e-02 3.701330548831616718e-01 6.943372707306938452e-01 8.581378299120234754e-01
4.081632653061224164e-02 3.558019826177274969e-01 7.458853666346462186e-01 8.888481590094493567e-01
6.122448979591836593e-02 3.483304569670593320e-01 7.763395544852498276e-01 9.046785054849570962e-01
8.163265306122448328e-02 3.432258064516128804e-01 7.988263721090783642e-01 9.154040404040404422e-01
1.020408163265306006e-01 3.390326374595707404e-01 8.173891468471981003e-01 9.234821331595525207e-01
1.224489795918367319e-01 3.357779401022644161e-01 8.318795468529444070e-01 9.293200825458890479e-01
1.428571428571428492e-01 3.330231881951006834e-01 8.440309506263816708e-01 9.338682524166395105e-01
1.632653061224489666e-01 3.305876051362972023e-01 8.550887441024488389e-01 9.378326273487563869e-01
1.836734693877550839e-01 3.286908077994428745e-01 8.635674199908994764e-01 9.406837189095254015e-01
2.040816326530612013e-01 3.270196750097151828e-01 8.714044642172278365e-01 9.432904311936569641e-01
2.244897959183673186e-01 3.253797341143365718e-01 8.789606360286988940e-01 9.456663408276311245e-01
2.448979591836734637e-01 3.238379090961197027e-01 8.854758453159895515e-01 9.474856087759313539e-01
2.653061224489795533e-01 3.224971395881006675e-01 8.916524971331408755e-01 9.492777234712718171e-01
2.857142857142856984e-01 3.211220132253595483e-01 8.971351049397494615e-01 9.505946562398175370e-01
3.061224489795917880e-01 3.196588023849599169e-01 9.027190332326283650e-01 9.518029759965244141e-01
3.265306122448979331e-01 3.185088106668186314e-01 9.077953714981729094e-01 9.530656022591506016e-01
3.469387755102040782e-01 3.173769465083838837e-01 9.119054435401414693e-01 9.538123167155425630e-01
3.673469387755101678e-01 3.162012603667297417e-01 9.158632056036258851e-01 9.543961116541761491e-01
3.877551020408163129e-01 3.152155368516833533e-01 9.193100302691047387e-01 9.549256000868904248e-01
4.081632653061224025e-01 3.141083024283501945e-01 9.231604443330827525e-01 9.554822417725643557e-01
4.285714285714285476e-01 3.127831508386235693e-01 9.274825233723574813e-01 9.559710003258390376e-01
4.489795918367346372e-01 3.116792776933887676e-01 9.310856658184902823e-01 9.563511458672748766e-01
4.693877551020407823e-01 3.107129674323518831e-01 9.335039454041373919e-01 9.563104159878353938e-01
4.897959183673469274e-01 3.096840132867728634e-01 9.364295832081384052e-01 9.564190289996741257e-01
5.102040816326530726e-01 3.087316907005790978e-01 9.392460814370223732e-01 9.565547952644727348e-01
5.306122448979591066e-01 3.078342321884757204e-01 9.417741305197342427e-01 9.566091017703920452e-01
5.510204081632652517e-01 3.068813847900113689e-01 9.449517235353226408e-01 9.568806342999891523e-01
5.714285714285713969e-01 3.057671845073419714e-01 9.481742190937088033e-01 9.569485174323884014e-01
5.918367346938775420e-01 3.047446032444400266e-01 9.502566825986900056e-01 9.565955251439122176e-01
6.122448979591835760e-01 3.037250503960705061e-01 9.526247829377977316e-01 9.563647224937547042e-01
6.326530612244897211e-01 3.027535964326796281e-01 9.546390829303241787e-01 9.560253068317584590e-01
6.530612244897958663e-01 3.016310525119345054e-01 9.568666336142785944e-01 9.555772781579233710e-01
6.734693877551020114e-01 3.006026836479417930e-01 9.588755384266606230e-01 9.551428261105679995e-01
6.938775510204081565e-01 2.994880546075085470e-01 9.611610606544658264e-01 9.547083740632127391e-01
7.142857142857141906e-01 2.983709184036423268e-01 9.633866225652333304e-01 9.542331921364179959e-01
7.346938775510203357e-01 2.970055958195099155e-01 9.657838688767478308e-01 9.535000543065059730e-01
7.551020408163264808e-01 2.956696504931866087e-01 9.674455482486824520e-01 9.524818073205170155e-01
7.755102040816326259e-01 2.942578610068368739e-01 9.687059486890330362e-01 9.511920278049310618e-01
7.959183673469386600e-01 2.927062791162937105e-01 9.708043035214939387e-01 9.500651678071032613e-01
8.163265306122448051e-01 2.911175031125231016e-01 9.725117124008031411e-01 9.487210817855978862e-01
8.367346938775509502e-01 2.893560312956753311e-01 9.749891362078122459e-01 9.474584555229716987e-01
8.571428571428570953e-01 2.871058113641261622e-01 9.760672071896063784e-01 9.450010861301183507e-01
8.775510204081632404e-01 2.847247224182375969e-01 9.780844958939348688e-01 9.427473661344628608e-01
8.979591836734692745e-01 2.822656328958577099e-01 9.799498746867167931e-01 9.403307266210492177e-01
9.183673469387754196e-01 2.788894845898599040e-01 9.823907717435688136e-01 9.369637232540458660e-01
9.387755102040815647e-01 2.744949531730195291e-01 9.843309307427138277e-01 9.321304442272184687e-01
9.591836734693877098e-01 2.682887457258999464e-01 9.865098208504209376e-01 9.251520582165743134e-01
9.795918367346938549e-01 2.559151320102509009e-01 9.901423877327492074e-01 9.112088628217660524e-01
1.000000000000000000e+00 0.000000000000000000e+00 0.000000000000000000e+00 6.803383295318778945e-01
