9.929180350465210969e-01
6.533406249248131514e-01
6.366589390285449790e-01
6.276453648476222336e-01
6.217187949970703897e-01
6.171658011200987781e-01
6.137877072391716426e-01
6.109229108754826720e-01
6.085772286985167145e-01
6.067145740857711189e-01
6.052598623491941554e-01
6.039043608968331922e-01
6.026857682482045231e-01
6.017019100613872906e-01
6.009479131297883470e-01
6.001466670749037169e-01
5.994340654164543869e-01
5.991570341451057935e-01
5.987205922398163294e-01
5.983685832704979113e-01
5.981333922630059918e-01
5.978503387684359627e-01
5.976085509397702777e-01
5.973647416159710843e-01
5.971003743500605809e-01
5.968518803418242369e-01
5.968392237023880664e-01
5.967910447285319497e-01
5.968546109079633233e-01
5.968387681106775977e-01
5.969527282308320082e-01
5.970131695063862765e-01
5.972429428759269410e-01
5.973802343740924892e-01
5.975495317203713963e-01
5.978354905189546820e-01
5.979363112779955136e-01
5.983385573705254368e-01
5.988048309427584925e-01
5.992792271442541896e-01
5.998071716713234691e-01
6.005133317343830379e-01
6.011170431133531222e-01
6.019114769689707378e-01
6.028830362888163430e-01
6.039071855608606487e-01
6.053539470406480438e-01
6.078554743416149098e-01
6.136943931781919659e-01
6.931471805599453972e-01
