0.000000000000000000e+00 1.000000000000000000e+00 3.196616704681221055e-01 3.196616704681221055e-01
2.040816326530612082e-02 3.754676686417136589e-01 6.758092485549133110e-01 8.455115672857608233e-01
4.081632653061224164e-02 3.634181319366504570e-01 7.154386718630129094e-01 8.709677419354838745e-01
6.122448979591836593e-02 3.565675008054988715e-01 7.397975424969758240e-01 8.848837840773324803e-01
8.163265306122448328e-02 3.516950438556556979e-01 7.582529036479633833e-01 8.946725317693059454e-01
1.020408163265306006e-01 3.479726678907919535e-01 7.730114681199639071e-01 9.020582165743455949e-01
1.224489795918367319e-01 3.448667723317084821e-01 7.855318279350158583e-01 9.079776257195611988e-01
1.428571428571428492e-01 3.422498102085473337e-01 7.951307234748927755e-01 9.120641902899967457e-01
1.632653061224489666e-01 3.401927353595255998e-01 8.036283402794802688e-01 9.157434560660366873e-01
1.836734693877550839e-01 3.382085715552010097e-01 8.115782756664775555e-01 9.189882697947213686e-01
2.040816326530612013e-01 3.364158445000736131e-01 8.190585451546983364e-01 9.219887042467687088e-01
2.244897959183673186e-01 3.347631919144435364e-01 8.252036936447583182e-01 9.241881177365048883e-01
2.448979591836734637e-01 3.331867423076359525e-01 8.309812810763380631e-01 9.261567285760834434e-01
2.653061224489795533e-01 3.316315335215553328e-01 8.367783847630296812e-01 9.280846095362224046e-01
2.857142857142856984e-01 3.302484453916445517e-01 8.425129408259784958e-01 9.300803736287607260e-01
3.061224489795917880e-01 3.289084471126524356e-01 8.476791347453808134e-01 9.317231454328228635e-01
3.265306122448979331e-01 3.277321927374301502e-01 8.523591509326875482e-01 9.332029977191267367e-01
3.469387755102040782e-01 3.265679708270982640e-01 8.567617014788839747e-01 9.344927772347126904e-01
3.673469387755101678e-01 3.252314478915749874e-01 8.612765630403873551e-01 9.356196372325404909e-01
3.877551020408163129e-01 3.240842703141300629e-01 8.659646134190250866e-01 9.370044531334853488e-01
4.081632653061224025e-01 3.229522431259044812e-01 8.702569902117537337e-01 9.381448897577929769e-01
4.285714285714285476e-01 3.214363124051730636e-01 8.759253425736336363e-01 9.395704355381774286e-01
4.489795918367346372e-01 3.203990010538016464e-01 8.797764388774377275e-01 9.404936461388074820e-01
4.693877551020407823e-01 3.193170675434042760e-01 8.839567282743203691e-01 9.415118931247963285e-01
4.897959183673469274e-01 3.182204549711140640e-01 8.879241035536259430e-01 9.423672205930270218e-01
5.102040816326530726e-01 3.169885226307224690e-01 8.913906212035311860e-01 9.427745193874226270e-01
5.306122448979591066e-01 3.160175029507441558e-01 8.944066484702815067e-01 9.432225480612577151e-01
5.510204081632652517e-01 3.150785430692214506e-01 8.976271464284251156e-01 9.437927663734115846e-01
5.714285714285713969e-01 3.138354470422454190e-01 9.012677045050997426e-01 9.442000651678070788e-01
5.918367346938775420e-01 3.128107129515215745e-01 9.050509249636250475e-01 9.449060497447594464e-01
6.122448979591835760e-01 3.117521152658268013e-01 9.079574930968119517e-01 9.451096991419571935e-01
6.326530612244897211e-01 3.107399801829487385e-01 9.110390703940720591e-01 9.454355381774736111e-01
6.530612244897958663e-01 3.094451783355350316e-01 9.143790572362000546e-01 9.455305745628326264e-01
6.734693877551020114e-01 3.082013810132215315e-01 9.178708849935870440e-01 9.457342239600303735e-01
6.938775510204081565e-01 3.070253509804484748e-01 9.209041980624327328e-01 9.457749538394699673e-01
7.142857142857141906e-01 3.055487761108319766e-01 9.244635565980366954e-01 9.456799174541109521e-01
7.346938775510203357e-01 3.042779444053786420e-01 9.285714285714286031e-01 9.460600629955469021e-01
7.551020408163264808e-01 3.029933592461381830e-01 9.330830388692579191e-01 9.465759748017812392e-01
7.755102040816326259e-01 3.013132400430570401e-01 9.362290403139493788e-01 9.459514499837080592e-01
7.959183673469386600e-01 2.995074033117433587e-01 9.398377647589003514e-01 9.453540784185945345e-01
8.163265306122448051e-01 2.976139140434095331e-01 9.432372101498792683e-01 9.445259042033236074e-01
8.367346938775509502e-01 2.956830703281211892e-01 9.470604496866936728e-01 9.438063429998914122e-01
8.571428571428570953e-01 2.935001727911530911e-01 9.511876429138084177e-01 9.428695557727815313e-01
8.775510204081632404e-01 2.908217716115261697e-01 9.555513434108894311e-01 9.413761268599978305e-01
8.979591836734692745e-01 2.877066712914788105e-01 9.601601311918197545e-01 9.393939393939394478e-01
9.183673469387754196e-01 2.835532994923857797e-01 9.648620638602378730e-01 9.361083957858151727e-01
9.387755102040815647e-01 2.783862510923390543e-01 9.712891915239595386e-01 9.321711741066579515e-01
9.591836734693877098e-01 2.713340861429262563e-01 9.775969565676846385e-01 9.257765830346476044e-01
9.795918367346938549e-01 2.560884617680415642e-01 9.850754836117329161e-01 9.097968936678614282e-01
1.000000000000000000e+00 0.000000000000000000e+00 0.000000000000000000e+00 6.803383295318778945e-01
