0.380161
0.296381
0.216551
0.200633
0.192777
0.186050
0.179881
0.174378
0.169236
0.164408
0.159781
0.156468
0.153479
0.150853
0.148923
0.146651
0.145028
0.143756
0.142367
0.141000
0.139837
0.138702
0.137705
0.136444
0.135867
0.135039
0.134056
0.133095
0.132468
0.131510
0.131306
0.130555
0.130096
0.129822
0.128399
0.127905
0.127544
0.126704
0.126031
0.126004
0.125216
0.124608
0.124399
0.123330
0.123186
0.122549
0.122229
0.121817
0.120961
0.120957
0.120570
0.120015
0.119427
0.119266
0.118906
0.118820
0.118482
0.117900
0.117314
0.117076
0.116866
0.116549
0.115765
0.115759
0.115384
0.115282
0.114826
0.114633
0.114462
0.114461
0.113507
0.113447
0.112958
0.113023
0.112963
0.112745
0.112280
0.112428
0.112002
0.111629
0.111203
0.111088
0.111017
0.110753
0.110516
0.110301
0.110151
0.109653
0.101059
0.099564
0.099366
0.098858
0.098780
0.098445
0.098729
0.098737
0.098118
0.098080
0.098182
0.098040
0.097818
0.097858
0.097877
0.097776
0.097518
0.097437
0.097353
0.097476
0.096565
0.096269
0.096470
0.096401
0.096210
0.095944
