9.932486523640413623e-01
9.932486523640413623e-01
9.932486523640413623e-01
9.932486523640413623e-01
9.932486523640413623e-01
9.932486523640413623e-01
9.932486523640413623e-01
9.932486523640413623e-01
9.932486523640413623e-01
9.932486523640413623e-01
9.932486523640413623e-01
9.932486523640413623e-01
9.932486523640413623e-01
9.932486523640413623e-01
9.932486523640413623e-01
9.932486523640413623e-01
9.932486523640413623e-01
9.932486523640413623e-01
9.932486523640413623e-01
9.932486523640413623e-01
9.932486523640413623e-01
9.932486523640413623e-01
9.932486523640413623e-01
9.932486523640413623e-01
9.932486523640413623e-01
9.932486523640413623e-01
9.932486523640413623e-01
9.932486523640413623e-01
9.932486523640413623e-01
9.932486523640413623e-01
9.928820386526885367e-01
9.923660637996734035e-01
9.918636672322640457e-01
9.910353918103188553e-01
9.902614295307962111e-01
9.892023232535548383e-01
9.876408204089039966e-01
9.859299564225908474e-01
9.833908170143325078e-01
9.796296319015649345e-01
9.747007142267105628e-01
9.679251497094865098e-01
9.566008595143664639e-01
9.382022825186979720e-01
9.056687102075380302e-01
8.429641872806026281e-01
7.213570613963168343e-01
5.387426982858031232e-01
6.332475661011927048e-01
6.332747226724040335e-01
