8.048089080601309453e-01
6.199229758410683688e-01
5.913025491604361195e-01
5.777681389561989400e-01
5.687582588974027242e-01
5.622111349574603345e-01
5.576786664817057204e-01
5.538355652707335208e-01
5.507182832323663790e-01
5.481574891020800644e-01
5.458975678194193382e-01
5.439761123493708217e-01
5.423793501904118353e-01
5.408591288345374615e-01
5.393410648285954512e-01
5.381154280937363588e-01
5.370091860616176271e-01
5.360737019712192852e-01
5.353018610335360528e-01
5.345546954096280778e-01
5.338696194155528874e-01
5.333677070214845051e-01
5.328715993536389250e-01
5.323843688516916028e-01
5.317843877817353127e-01
5.314728540107134247e-01
5.313975111479104507e-01
5.310911941671004888e-01
5.310824439610210002e-01
5.310426557995604480e-01
5.310469797708062822e-01
5.310596622961190061e-01
5.311677733289937864e-01
5.312743070596184225e-01
5.314619068523989132e-01
5.318316168404637612e-01
5.322539256988991774e-01
5.328885820980224786e-01
5.334407222893863265e-01
5.340407331632485155e-01
5.345726071235978871e-01
5.356314725923072562e-01
5.367035539717807113e-01
5.380338863064457744e-01
5.397741355167319233e-01
5.417626668783359634e-01
5.446635997043084432e-01
5.491418097170699397e-01
5.601659294049721183e-01
6.931471805599453972e-01
