0.631154
0.446589
0.331720
0.312868
0.302043
0.293482
0.286346
0.279207
0.269114
0.260326
0.252915
0.246628
0.240725
0.235413
0.229413
0.224175
0.219926
0.215758
0.212879
0.209722
0.206682
0.204511
0.202969
0.201425
0.198611
0.196684
0.195428
0.193628
0.192531
0.190360
0.189403
0.187832
0.186838
0.185967
0.184474
0.183207
0.182291
0.182437
0.182347
0.180918
0.180080
0.179385
0.178587
0.177429
0.176769
0.176037
0.175612
0.174107
0.173651
0.172902
0.172829
0.171921
0.171197
0.170827
0.170458
0.169627
0.169160
0.155423
0.154334
0.153023
0.152585
0.152037
0.152480
0.151909
0.151497
0.151430
0.151065
0.151062
0.151006
0.150392
0.150351
0.148976
0.148999
0.148779
0.148853
0.148486
0.148912
0.148951
0.148981
0.148304
0.148775
