8.077800560458477941e-01
8.077800560458477941e-01
8.077800560458477941e-01
8.077800560458477941e-01
8.077800560458477941e-01
8.077800560458477941e-01
8.077800560458477941e-01
8.077800560458477941e-01
8.077800560458477941e-01
8.077800560458477941e-01
8.077800560458477941e-01
8.077800560458477941e-01
8.077800560458477941e-01
8.077800560458477941e-01
8.077800560458477941e-01
8.077800560458477941e-01
8.077800560458477941e-01
8.077800560458477941e-01
8.077800560458477941e-01
8.077800560458477941e-01
8.077800560458477941e-01
8.077800560458477941e-01
8.077800560458477941e-01
8.077800560458477941e-01
8.077800560458477941e-01
8.077800560458477941e-01
8.077800560458477941e-01
8.077800560458477941e-01
8.077800560458477941e-01
8.077800560458477941e-01
8.077077390079536734e-01
8.074763244866923761e-01
8.072883001881676623e-01
8.070568856669064761e-01
8.066953004774358726e-01
8.064494225485957513e-01
8.060010569136522030e-01
8.055671546862874788e-01
8.050609354210285229e-01
8.043233016345084918e-01
8.035856678479883497e-01
8.020091564218964075e-01
7.997094746168630364e-01
7.951245744143753402e-01
7.854051645214046307e-01
7.698425379665883028e-01
7.189168798815434025e-01
6.503314011427525632e-01
8.187722458057551389e-01
8.187433189905974906e-01
