1.149848691887308316e+00
7.638007661743946297e-01
7.246277150862622252e-01
7.079621342035862241e-01
6.978733340137952545e-01
6.912311608352025294e-01
6.865357124818556311e-01
6.824565774861561795e-01
6.792010815051667816e-01
6.765980307275937244e-01
6.741010787563767037e-01
6.718950713617889425e-01
6.702178274926672286e-01
6.685880734035141160e-01
6.675924634910515021e-01
6.664894235441821690e-01
6.654491064928669264e-01
6.644756509115905541e-01
6.637670903622066021e-01
6.630164047508515512e-01
6.624853360775384559e-01
6.619892233541717630e-01
6.614810281586636087e-01
6.609609697790944649e-01
6.605329250282596654e-01
6.603491576629378912e-01
6.600245991058789619e-01
6.600149128476865412e-01
6.598783997860235839e-01
6.595678680817859130e-01
6.595163468405275120e-01
6.593560235108156808e-01
6.593155714424828728e-01
6.593796752244056592e-01
6.595877502821226868e-01
6.596528867949900121e-01
6.599057493389409723e-01
6.603194344686478257e-01
6.608167199186529839e-01
6.614103326824042339e-01
6.620743220165231646e-01
6.627596084443422297e-01
6.634450578264263765e-01
6.644510782330139698e-01
6.658903792244639241e-01
6.677595862965222118e-01
6.701394397887963095e-01
6.740393454588801125e-01
6.809360706682389131e-01
6.931471805599453972e-01
