0.000000000000000000e+00 1.000000000000000000e+00 1.606929857737177392e-01 1.606929857737177392e-01
2.040816326530612082e-02 2.105582168344901639e-01 3.833475722625658277e-01 7.439705582870276279e-01
4.081632653061224164e-02 1.872363803920178704e-01 4.715886265232335228e-01 8.207895732115323417e-01
6.122448979591836593e-02 1.774256684309954424e-01 5.267279708973322538e-01 8.546970005527594338e-01
8.163265306122448328e-02 1.713073146375967415e-01 5.655494505494504942e-01 8.740144881156721723e-01
1.020408163265306006e-01 1.672593782264540641e-01 5.971214603323191650e-01 8.876007331335641348e-01
1.224489795918367319e-01 1.640070059355843157e-01 6.218409887474635189e-01 8.969540045966311048e-01
1.428571428571428492e-01 1.613717888912123699e-01 6.432418568863811359e-01 9.042998865388531815e-01
1.632653061224489666e-01 1.590033721692157842e-01 6.621189937441767093e-01 9.101765920926307984e-01
1.836734693877550839e-01 1.568892350239204092e-01 6.796337097218396739e-01 9.152096121956186936e-01
2.040816326530612013e-01 1.548811954852701289e-01 6.940976163450623959e-01 9.189043726180432525e-01
2.244897959183673186e-01 1.528890430833280689e-01 7.088542809095561559e-01 9.224100311290839294e-01
2.448979591836734637e-01 1.509988526161922529e-01 7.228743416102332286e-01 9.254793006138538614e-01
2.653061224489795533e-01 1.491765517025244181e-01 7.367280606717226954e-01 9.283012829837372637e-01
2.857142857142856984e-01 1.475881479165037924e-01 7.478212644588813074e-01 9.303086725045820460e-01
3.061224489795917880e-01 1.459406311452383087e-01 7.585787296179119510e-01 9.320396823087888638e-01
3.265306122448979331e-01 1.440839099806745238e-01 7.688149688149688021e-01 9.333488493876007652e-01
3.469387755102040782e-01 1.425170385584912658e-01 7.794230278274189017e-01 9.348325720769208313e-01
3.673469387755101678e-01 1.410184667039731388e-01 7.881157154026583456e-01 9.357926279347161813e-01
3.877551020408163129e-01 1.395645015997266369e-01 7.962782454585732861e-01 9.365781281820033666e-01
4.081632653061224025e-01 1.382189527268212481e-01 8.040083054978784949e-01 9.372763506240363585e-01
4.285714285714285476e-01 1.366181237302067364e-01 8.127883373316110438e-01 9.379309341634421981e-01
4.489795918367346372e-01 1.351003642563744778e-01 8.210248681235869928e-01 9.384546009949670253e-01
4.693877551020407823e-01 1.336846183649748054e-01 8.273546901975830092e-01 9.386000640037238663e-01
4.897959183673469274e-01 1.320681642137877532e-01 8.358662613981763245e-01 9.389637215256160241e-01
5.102040816326530726e-01 1.305519837642721004e-01 8.423630547780888156e-01 9.389491752247403067e-01
5.306122448979591066e-01 1.288124041574373879e-01 8.510028653295128587e-01 9.390946382334972586e-01
5.510204081632652517e-01 1.275161545255915629e-01 8.550498753117207196e-01 9.387164344107293834e-01
5.714285714285713969e-01 1.259261555631335794e-01 8.612318456482561668e-01 9.384400546940913079e-01
5.918367346938775420e-01 1.242422833046524927e-01 8.688204683434518349e-01 9.382800453844587496e-01
6.122448979591835760e-01 1.226638956527133645e-01 8.748893805309734262e-01 9.379018415616908744e-01
6.326530612244897211e-01 1.211660486836185352e-01 8.812909049875874423e-01 9.376109155441770815e-01
6.530612244897958663e-01 1.193119187716383811e-01 8.876183876183876276e-01 9.369417857038955244e-01
6.734693877551020114e-01 1.170500466272925144e-01 8.943118394489965040e-01 9.359089983417216985e-01
6.938775510204081565e-01 1.151399194238337392e-01 9.009250243427459059e-01 9.351380443953102306e-01
7.142857142857141906e-01 1.130609448475600326e-01 9.077384673084135658e-01 9.341925348383905980e-01
7.346938775510203357e-01 1.108753977662694234e-01 9.104649673370052154e-01 9.325342565385622562e-01
7.551020408163264808e-01 1.085641963155674350e-01 9.146919431279620927e-01 9.309487097431122793e-01
7.755102040816326259e-01 1.059576732828251266e-01 9.205766353869169194e-01 9.292758851424083311e-01
7.959183673469386600e-01 1.031642690177745070e-01 9.251547552054023571e-01 9.272248567189363966e-01
8.163265306122448051e-01 1.005202030520674500e-01 9.320897697464296527e-01 9.255665784191080547e-01
8.367346938775509502e-01 9.724498802168704548e-02 9.361250189652556841e-01 9.229336979606086455e-01
8.571428571428570953e-01 9.309352062768919134e-02 9.411482488405564784e-01 9.195589561574492032e-01
8.775510204081632404e-01 8.865985930031283768e-02 9.472344757380386504e-01 9.159951124429057678e-01
8.979591836734692745e-01 8.366031837177401176e-02 9.545040946314831132e-01 9.119657871003403748e-01
9.183673469387754196e-01 7.709099080301108631e-02 9.602159136345461699e-01 9.062781834579466400e-01
9.387755102040815647e-01 6.886285677302439456e-02 9.657363285681870302e-01 8.990195793209786457e-01
9.591836734693877098e-01 5.758691206543967156e-02 9.739900387382401936e-01 8.891426410263869595e-01
9.795918367346938549e-01 3.625150421179301752e-02 9.836734693877551283e-01 8.703342739941233308e-01
1.000000000000000000e+00 0.000000000000000000e+00 0.000000000000000000e+00 8.393070142262822886e-01
