0.03798691 -0.13693371  0.04445888  0.03474467  0.
0.09403816 -0.1361739   0.03988247  0.03413213  0.
0.03605396 -0.09645645  0.038756    0.02390839  0.
0.09885196 -0.0932296   0.04744777  0.02666562  0.
0.03422439 -0.05256908  0.03745715  0.01750762  0.
0.08514462 -0.05046791  0.03214     0.01671183  0.
0.03214481 -0.01720764  0.01669293  0.016       0.
0.08565445 -0.01293327  0.02383446  0.0219879   0.
0.03746361  0.01701221  0.04256453  0.02141326  0.
0.0875026   0.02108532  0.04264025  0.02346419  0.



0.0376202  -0.13478805  0.048       0.0373782   0.          0.09137039 -0.13733456  0.04738691  0.03477458  0.          0.0343269  -0.09379608  0.03582195  0.01887082  0.          0.09178021 -0.09274715  0.048  0.02388522  0.          0.03567482 -0.05255066  0.03934302  0.01896566  0.          0.08263779 -0.04965248  0.03577829  0.01602447  0.  0.02525024 -0.01864189  0.016       0.01941892  0.          0.08099914 -0.01557072  0.02706159  0.02276194  0.          0.03543804  0.00902145  0.04071937  0.02145393  0.          0.08009522  0.01772972  0.04088263  0.01842024  0.
0.03909661 -0.13988754  0.04564594  0.03163665  0.          0.04165466 -0.095938    0.04044914  0.03269801  0.          0.09657658 -0.13674377  0.04108832  0.02578054  0.          0.10040653 -0.09560627  0.048  0.02298769  0.          0.03143879 -0.05290695  0.03754529  0.01963773  0.          0.08739662 -0.05289604  0.03842053  0.01983638  0.  0.02688038 -0.01781662  0.01665245  0.01874009  0.          0.07915547 -0.01699017  0.03341939  0.02171978  0.          0.03034508  0.01389214  0.03919048  0.016       0.          0.08033291  0.02072414  0.0468161  0.02388677  0.

