0.361464
0.341895
0.335634
0.333386
0.332111
0.331187
0.330444
0.330041
0.329310
0.328810
0.328459
0.328221
0.327731
0.327455
0.327333
0.326661
0.326432
0.326269
0.325819
0.325574
0.325274
0.325178
0.324448
0.324551
0.324092
0.324091
0.323942
0.323703
0.323699
0.323265
0.323199
0.322855
0.322665
0.322427
0.322404
0.322428
0.321969
0.321883
0.321911
0.321830
0.321516
0.321511
0.321362
0.320968
0.320863
0.321078
0.320377
0.320275
0.320257
0.320331
0.320141
0.320105
0.319761
0.320036
0.319791
0.319454
0.319498
0.319432
0.319215
0.319281
0.319161
0.319376
0.319074
0.318854
0.318835
0.318426
0.318354
0.318144
0.318336
0.318118
0.318391
0.318029
0.318030
0.317686
0.317687
0.317859
0.318025
0.317468
0.317663
0.317409
0.317356
0.316960
0.317132
0.317022
0.316974
0.316828
0.316813
0.316794
0.316732
0.316725
0.312748
0.311778
0.311553
0.311437
0.311303
0.311218
0.311194
0.311076
0.311121
0.310964
0.310950
0.310950
0.310347
0.310310
0.310301
0.310280
0.310275
0.310267
0.310256
0.310255
0.310244
0.310246
