0.340427
0.340194
0.339775
0.339708
0.339770
0.339833
0.339617
0.339806
0.339575
0.339574
0.339520
0.339598
0.339439
0.339438
0.339272
0.339454
0.339380
0.339427
0.339264
0.339317
0.339093
0.339304
0.339068
0.339075
0.339214
0.339067
0.339022
0.339069
0.339132
0.338985
0.338988
0.339055
0.338866
0.338894
0.339040
0.338904
0.339110
0.339009
0.339006
0.339028
0.338943
0.338333
0.338386
0.338216
0.338415
0.338304
0.338276
0.338317
0.338367
0.338334
0.338350
0.338215
0.338404
0.338496
0.338354
0.338384
0.338303
0.338192
0.338417
0.338519
0.338226
0.338259
0.338332
0.338388
0.338277
0.338355
0.338320
0.338359
0.338366
0.338195
0.338348
0.338527
0.338223
0.338015
0.338249
0.338225
0.338058
0.338337
0.338761
0.338850
0.338918
