0.507257
0.463429
0.383781
0.329149
0.300240
0.281941
0.269381
0.260796
0.254400
0.250043
0.245985
0.242734
0.240309
0.238024
0.235916
0.233486
0.231497
0.229871
0.228991
0.227172
0.225772
0.224740
0.223765
0.222303
0.221306
0.219960
0.219414
0.218293
0.217481
0.215819
0.215380
0.214743
0.214186
0.213620
0.213259
0.211501
0.211275
0.210533
0.209743
0.209347
0.209086
0.208124
0.208251
0.206947
0.207077
0.206822
0.206481
0.206108
0.205972
0.205030
0.204967
0.204089
0.204105
0.203713
0.203454
0.202422
0.202319
0.201946
0.201520
0.201505
0.200782
0.201019
0.200045
0.198924
0.199781
0.198882
0.189139
0.187712
0.187058
0.187043
0.186479
0.186292
0.186311
0.185951
0.186174
0.185335
0.185572
0.185455
0.185567
0.184174
0.183861
0.184411
0.184258
0.183780
0.183991
0.183922
0.184159
0.184543
0.184086
0.183814
0.184186
0.183574
0.183842
0.184263
0.184395
0.183808
0.183870
0.183983
0.184191
0.183593
0.183630
0.183569
0.184197
0.183471
0.184000
0.183846
0.183834
0.183414
0.183794
0.183842
