0.373283
0.354609
0.339445
0.333949
0.332151
0.331354
0.330294
0.329698
0.329437
0.329269
0.328569
0.328010
0.327748
0.327232
0.326927
0.326777
0.326103
0.325834
0.325459
0.325144
0.324876
0.324477
0.324624
0.324466
0.324261
0.323830
0.323634
0.323575
0.323351
0.323254
0.322788
0.322949
0.322928
0.322706
0.322502
0.322366
0.321944
0.321798
0.321670
0.321776
0.321674
0.321330
0.321145
0.321301
0.321062
0.320682
0.320790
0.320813
0.320431
0.320520
0.320268
0.320405
0.320051
0.320307
0.319668
0.316389
0.315795
0.315611
0.315450
0.315328
0.315320
0.315169
0.315139
0.315072
0.315024
0.315010
0.314913
0.314942
0.314867
0.314428
0.314354
0.314346
0.314336
0.314328
0.314317
0.314312
0.314314
0.314297
0.314302
