0.000000000000000000e+00 1.000000000000000000e+00 1.606929857737177392e-01 1.606929857737177392e-01
2.040816326530612082e-02 1.971661195496949015e-01 4.245267949844261368e-01 7.843219969161842053e-01
4.081632653061224164e-02 1.791368019388439037e-01 5.117855038302887571e-01 8.462892386466122074e-01
6.122448979591836593e-02 1.709420241510440919e-01 5.618661257606490933e-01 8.721380153027085136e-01
8.163265306122448328e-02 1.660084233296733880e-01 5.980635257999763477e-01 8.876298257353154586e-01
1.020408163265306006e-01 1.623373466642900054e-01 6.251872191712430915e-01 8.976667733395397031e-01
1.224489795918367319e-01 1.594179596430581325e-01 6.466023216381896477e-01 9.047071829633723805e-01
1.428571428571428492e-01 1.569128545872731928e-01 6.665309722504918488e-01 9.107148052250312320e-01
1.632653061224489666e-01 1.547236963360767714e-01 6.839924141321908069e-01 9.155150845140080929e-01
1.836734693877550839e-01 1.525496154211375965e-01 6.989340874483358501e-01 9.191225671311785694e-01
2.040816326530612013e-01 1.508291821678542088e-01 7.140831405328755821e-01 9.227591423501003698e-01
2.244897959183673186e-01 1.490518311363886184e-01 7.284244471744472094e-01 9.258575044366217366e-01
2.448979591836734637e-01 1.474248456161248999e-01 7.401054370918246361e-01 9.280830884706019468e-01
2.653061224489795533e-01 1.455492305767546735e-01 7.524456302045435807e-01 9.301486631949494877e-01
2.857142857142856984e-01 1.439572626876396144e-01 7.608982826948480493e-01 9.312396357606260722e-01
3.061224489795917880e-01 1.425072922678563003e-01 7.701905243635137621e-01 9.325488028394379736e-01
3.265306122448979331e-01 1.409609272761263854e-01 7.795295942103902531e-01 9.336979606086172057e-01
3.469387755102040782e-01 1.394223287372778619e-01 7.887137952284531961e-01 9.347162016699153142e-01
3.673469387755101678e-01 1.379696441900970516e-01 7.964808331088967241e-01 9.353853315101969823e-01
3.877551020408163129e-01 1.366504024613854618e-01 8.043537912741242080e-01 9.361126465539812980e-01
4.081632653061224025e-01 1.352749301025163164e-01 8.111204246996367440e-01 9.364908503767491732e-01
4.285714285714285476e-01 1.341603527512110205e-01 8.172704057504965869e-01 9.368981468012684832e-01
4.489795918367346372e-01 1.327642402607480954e-01 8.243230220680350939e-01 9.372181654205335999e-01
4.693877551020407823e-01 1.313204971064186322e-01 8.319245134656968466e-01 9.375527303406743229e-01
4.897959183673469274e-01 1.299154580004653614e-01 8.388421474358974672e-01 9.377272859511825986e-01
5.102040816326530726e-01 1.285432795990877064e-01 8.440301548492257222e-01 9.375527303406743229e-01
5.306122448979591066e-01 1.271875387861486906e-01 8.505031642286544624e-01 9.375963692433014751e-01
5.510204081632652517e-01 1.260166387285031331e-01 8.538226942896203209e-01 9.371890728187821651e-01
5.714285714285713969e-01 1.243633540372670876e-01 8.596114629172479926e-01 9.367817763942629661e-01
5.918367346938775420e-01 1.228920152799776455e-01 8.669076569175155900e-01 9.367526837925115313e-01
6.122448979591835760e-01 1.210882873923987690e-01 8.729696426571076362e-01 9.361708317574840565e-01
6.326530612244897211e-01 1.197836527253228894e-01 8.785909712722298481e-01 9.359235446425974159e-01
6.530612244897958663e-01 1.181145220988460698e-01 8.844765342960289045e-01 9.353562389084455475e-01
6.734693877551020114e-01 1.160318176865241802e-01 8.909873296677025545e-01 9.344689145550286735e-01
6.938775510204081565e-01 1.141984447318798862e-01 8.951869044710480949e-01 9.334215808919791302e-01
7.142857142857141906e-01 1.123917959915776282e-01 9.012006003001500343e-01 9.326360806446920559e-01
7.346938775510203357e-01 1.101532118258913978e-01 9.070216049382715529e-01 9.313850987693829131e-01
7.551020408163264808e-01 1.079546343371138029e-01 9.109028511087645663e-01 9.298722834783114122e-01
7.755102040816326259e-01 1.052524334237213699e-01 9.160982264665756825e-01 9.280394495679749056e-01
7.959183673469386600e-01 1.028427831003612403e-01 9.190175438596491775e-01 9.261629767550112469e-01
8.163265306122448051e-01 9.984728497882457143e-02 9.236819108651325161e-01 9.239373927210310367e-01
8.367346938775509502e-01 9.667440061871616919e-02 9.291565533980582492e-01 9.216099845809210267e-01
8.571428571428570953e-01 9.351413788192851351e-02 9.351265822784810000e-01 9.193116690425624515e-01
8.775510204081632404e-01 8.939345824071133484e-02 9.416290349556781791e-01 9.161260291507870024e-01
8.979591836734692745e-01 8.416283818274629402e-02 9.484091317634369966e-01 9.118785092950862925e-01
9.183673469387754196e-01 7.791791020827315561e-02 9.542149734721949716e-01 9.065545631745847155e-01
9.387755102040815647e-01 7.045076204483377569e-02 9.592869718309858795e-01 9.000232740814011478e-01
9.591836734693877098e-01 5.862441130298273045e-02 9.644874899112186872e-01 8.895353911500305522e-01
9.795918367346938549e-01 3.755029803148948742e-02 9.761284722222222099e-01 8.712215983475402048e-01
1.000000000000000000e+00 0.000000000000000000e+00 0.000000000000000000e+00 8.393070142262822886e-01
