1.149848691887308316e+00
7.896362845117712581e-01
7.410725984319750381e-01
7.194597468063539392e-01
7.069832481930495849e-01
6.981238623399905752e-01
6.921266274775220717e-01
6.872454848719442566e-01
6.833127750507163034e-01
6.799126981392250579e-01
6.772876305058986857e-01
6.747751453642611974e-01
6.725952375150033857e-01
6.705045354255407819e-01
6.690101762162086185e-01
6.675667638872859744e-01
6.663422234180960135e-01
6.651288151548994110e-01
6.642188572902172350e-01
6.634235338705175566e-01
6.626949005325269981e-01
6.619278187400888802e-01
6.613004117433135542e-01
6.608430484241616387e-01
6.603393566198523246e-01
6.599004705087913036e-01
6.594730425910655391e-01
6.593796491677220706e-01
6.592704026086727565e-01
6.589487331452078545e-01
6.587751542551354422e-01
6.587053180304298650e-01
6.586770229355184414e-01
6.586744418635626097e-01
6.587700598367433047e-01
6.588457973240670063e-01
6.593717869464992276e-01
6.598337195479693218e-01
6.602067120802929123e-01
6.608930753269878222e-01
6.613322195140444171e-01
6.621943402187085992e-01
6.632423460001890536e-01
6.645042610907871961e-01
6.658050975197189469e-01
6.678486852277536467e-01
6.704679849355048571e-01
6.742219084589780032e-01
6.812610473475844142e-01
6.931471805599453972e-01
