0.000000000000000000e+00 1.000000000000000000e+00 1.606929857737177392e-01 1.606929857737177392e-01
2.040816326530612082e-02 2.108436093168917502e-01 3.826235214719568289e-01 7.431705117388648363e-01
4.081632653061224164e-02 1.873681224178591065e-01 4.709841326439650477e-01 8.203677304861374253e-01
6.122448979591836593e-02 1.775371571581796926e-01 5.261883136542536699e-01 8.544060745352456410e-01
8.163265306122448328e-02 1.713976525430783437e-01 5.649143985952590485e-01 8.737235620981584905e-01
1.020408163265306006e-01 1.673331585157991352e-01 5.969712915862713798e-01 8.875570942309370936e-01
1.224489795918367319e-01 1.641035623905002794e-01 6.211088598268558192e-01 8.966921711808687467e-01
1.428571428571428492e-01 1.614242273100252589e-01 6.426466820394568513e-01 9.040962383265935820e-01
1.632653061224489666e-01 1.590473145780051112e-01 6.616131391714874521e-01 9.100165827829982401e-01
1.836734693877550839e-01 1.569727701918644525e-01 6.791609353507565006e-01 9.150932417886131764e-01
2.040816326530612013e-01 1.549008121843484242e-01 6.937039137833238556e-01 9.187880022110377354e-01
2.244897959183673186e-01 1.529435884495891629e-01 7.086073359637585778e-01 9.223663922264567772e-01
2.448979591836734637e-01 1.509644558331106334e-01 7.223559500526552934e-01 9.253047450033456967e-01
2.653061224489795533e-01 1.492399310452907080e-01 7.362195593351372747e-01 9.281994588776074639e-01
2.857142857142856984e-01 1.475555972600168797e-01 7.472083630315989877e-01 9.301195705931981639e-01
3.061224489795917880e-01 1.459364123054831541e-01 7.583130575831306119e-01 9.319669508044103878e-01
3.265306122448979331e-01 1.441306651705006048e-01 7.686809076552240105e-01 9.333488493876007652e-01
3.469387755102040782e-01 1.426393016633731026e-01 7.791092979772225036e-01 9.348471183777965487e-01
3.673469387755101678e-01 1.410228509249183970e-01 7.879788065664901087e-01 9.357635353329648575e-01
3.877551020408163129e-01 1.395222415506958136e-01 7.962946547291906985e-01 9.365490355802519318e-01
4.081632653061224025e-01 1.382189527268212481e-01 8.040083054978784949e-01 9.372763506240363585e-01
4.285714285714285476e-01 1.366738004404329798e-01 8.127824402840542195e-01 9.379745730660693503e-01
4.489795918367346372e-01 1.352046747368910451e-01 8.207564922845314026e-01 9.384836935967183491e-01
4.693877551020407823e-01 1.336587633658763430e-01 8.278145695364238499e-01 9.386727955081023422e-01
4.897959183673469274e-01 1.319854365171585775e-01 8.358516483516483797e-01 9.388909900212375481e-01
5.102040816326530726e-01 1.306071871127633122e-01 8.429471158652404039e-01 9.391091845343728650e-01
5.306122448979591066e-01 1.288334056130351346e-01 8.512946474260566498e-01 9.391673697378756236e-01
5.510204081632652517e-01 1.275623247238189539e-01 8.554655029093931606e-01 9.388328048177349006e-01
5.714285714285713969e-01 1.258603584051590507e-01 8.610669212005515050e-01 9.383527768888371146e-01
5.918367346938775420e-01 1.241860465116279011e-01 8.688577936869508189e-01 9.382364064818317084e-01
6.122448979591835760e-01 1.227164169845848390e-01 8.750414685392016167e-01 9.379745730660693503e-01
6.326530612244897211e-01 1.209986500535323584e-01 8.813291139240506666e-01 9.374654525354202406e-01
6.530612244897958663e-01 1.192901282489209069e-01 8.872849058782769083e-01 9.368690541995170484e-01
6.734693877551020114e-01 1.170647562510683942e-01 8.950807984790875027e-01 9.360399150496029330e-01
6.938775510204081565e-01 1.151207827155500962e-01 9.012420847540184576e-01 9.351671369970616654e-01
7.142857142857141906e-01 1.131144222834633423e-01 9.078980254936266370e-01 9.342652663427690740e-01
7.346938775510203357e-01 1.108840778637384533e-01 9.108263933376040677e-01 9.325924417420650148e-01
7.551020408163264808e-01 1.084877652426638334e-01 9.151179649400289495e-01 9.309341634422366729e-01
7.755102040816326259e-01 1.059024245175225754e-01 9.215472623263415430e-01 9.293486166467866960e-01
7.959183673469386600e-01 1.030468480341397569e-01 9.254614625898266445e-01 9.271521252145579206e-01
8.163265306122448051e-01 1.004369557700166560e-01 9.318944144669680796e-01 9.254647543129782550e-01
8.367346938775509502e-01 9.711691546209744175e-02 9.360376785171680147e-01 9.228027812527274110e-01
8.571428571428570953e-01 9.295556293800326386e-02 9.419685796729720950e-01 9.195153172548220510e-01
8.775510204081632404e-01 8.843991232250071610e-02 9.474221541602858565e-01 9.158060105315218857e-01
8.979591836734692745e-01 8.347823312648555705e-02 9.552756480467323730e-01 9.118639629942105751e-01
9.183673469387754196e-01 7.687985616130482702e-02 9.606820461384152354e-01 9.061181741483140817e-01
9.387755102040815647e-01 6.870772516909932903e-02 9.665376735715911494e-01 8.989323015157245633e-01
9.591836734693877098e-01 5.712228096305874137e-02 9.743160245672808362e-01 8.887353446018677605e-01
9.795918367346938549e-01 3.596027818643841162e-02 9.844393592677345151e-01 8.701015331801122965e-01
1.000000000000000000e+00 0.000000000000000000e+00 0.000000000000000000e+00 8.393070142262822886e-01
