0.418744
0.390970
0.349202
0.284898
0.263229
0.245730
0.233814
0.225618
0.220098
0.216480
0.213129
0.210207
0.207637
0.205804
0.204012
0.202566
0.200502
0.199615
0.198399
0.197126
0.196228
0.194871
0.194080
0.193481
0.192416
0.191845
0.190755
0.190461
0.189444
0.188610
0.187922
0.187270
0.186885
0.186250
0.185712
0.185126
0.184592
0.184093
0.183537
0.183181
0.182652
0.182265
0.181717
0.181389
0.180846
0.180407
0.180275
0.179486
0.179323
0.179002
0.178339
0.178430
0.178545
0.177726
0.177559
0.177300
0.176986
0.176451
0.175938
0.176146
0.175990
0.175281
0.175406
0.174891
0.174930
0.174492
0.174231
0.174141
0.173663
0.173344
0.173380
0.172812
0.172644
0.172298
0.172423
0.172169
0.171865
0.171651
0.171071
0.171078
0.171224
0.171031
0.170439
0.170580
0.170399
0.170224
0.170180
0.169562
0.169620
0.160359
0.159426
0.158677
0.158650
0.158043
0.158403
0.158002
0.158216
0.157798
0.158100
0.157628
0.157892
0.157525
0.157389
0.157194
0.157674
0.157344
0.157316
0.156855
0.157327
0.157082
0.156985
0.156818
0.157288
0.156730
0.156722
0.156785
0.157184
0.156512
0.156524
0.156477
0.156392
0.156579
0.156720
0.156304
0.156418
0.156292
0.156509
0.156142
0.156537
0.156084
0.155996
0.155927
0.155917
0.155899
0.156204
0.155831
0.155961
0.155828
0.155840
0.156079
0.155963
0.155577
0.155560
0.155341
0.155872
0.155491
0.155834
0.155532
0.155487
0.155096
0.155433
0.155403
0.155567
0.155472
0.155330
0.155400
0.155594
0.155052
0.154925
0.154936
0.155113
0.154870
0.155065
0.155056
0.153994
0.153964
0.154075
0.154069
0.153992
0.154254
0.153787
0.153367
0.153850
0.153223
0.154049
0.153862
0.153777
0.153803
0.153772
0.153879
0.154084
0.153843
0.153534
0.153660
0.153922
0.153773
0.153751
0.153960
0.153581
0.153385
0.153502
0.153312
0.153589
0.153658
0.153615
0.153754
0.154220
0.153864
0.154058
0.154059
0.154250
0.154548
