1.152631949231413211e+00
1.152631949231413211e+00
1.152631949231413211e+00
1.152631949231413211e+00
1.152631949231413211e+00
1.152631949231413211e+00
1.152631949231413211e+00
1.152631949231413211e+00
1.152631949231413211e+00
1.152631949231413211e+00
1.152631949231413211e+00
1.152631949231413211e+00
1.152631949231413211e+00
1.152631949231413211e+00
1.152631949231413211e+00
1.152631949231413211e+00
1.152631949231413211e+00
1.152631949231413211e+00
1.152631949231413211e+00
1.152631949231413211e+00
1.152631949231413211e+00
1.152631949231413211e+00
1.152631949231413211e+00
1.152631949231413211e+00
1.152631949231413211e+00
1.152631949231413211e+00
1.152631949231413211e+00
1.152631949231413211e+00
1.152631949231413211e+00
1.152631949231413211e+00
1.152414096964297308e+00
1.151978392430065501e+00
1.151339359113192184e+00
1.150831037156588188e+00
1.149843440212329426e+00
1.148521803125159391e+00
1.147316353913784726e+00
1.145428300932113341e+00
1.143031925993838183e+00
1.139909376831843124e+00
1.135421620129254849e+00
1.128058213500736651e+00
1.116918700908875461e+00
1.098270546843752138e+00
1.064939149975015376e+00
9.924379154788351975e-01
8.439933806660426807e-01
5.423406081328564499e-01
4.738914258050324069e-01
4.738914258050324069e-01
