2.999999999999999889e-01 2.922130050842922100e-01 9.462738301559792120e-01 9.706493506493506507e-01
3.555555555555555136e-01 2.922912205567451682e-01 9.462738301559792120e-01 9.706417251234086274e-01
4.111111111111110938e-01 2.923694779116465803e-01 9.462738301559792120e-01 9.706340956340956394e-01
4.666666666666666741e-01 2.924932975871313845e-01 9.462272333044232653e-01 9.705958886286755183e-01
5.222222222222221433e-01 2.927287362489938150e-01 9.486956521739130510e-01 9.713317696116757771e-01
5.777777777777777235e-01 2.930570505920344626e-01 9.502617801047120727e-01 9.722658294086865549e-01
6.333333333333333037e-01 2.930056710775047479e-01 9.559471365638766427e-01 9.744736842105262697e-01
6.888888888888888840e-01 2.929210740439381344e-01 9.591474245115453323e-01 9.766887417218542700e-01
7.444444444444444642e-01 2.938920843604491684e-01 9.623318385650224682e-01 9.801342281879195095e-01
8.000000000000000444e-01 2.962653288740245139e-01 9.646098003629763884e-01 9.814004376367614357e-01
