1.426700394600629862e-01
1.299061756581068039e-01
1.133951278403401430e-01
1.081424508243799265e-01
1.148110965266823796e-01
1.074556684121489580e-01
1.064781412482261602e-01
1.082197388634085627e-01
1.070881351828575079e-01
1.111350374296307536e-01
1.063876572996377973e-01
1.067019412294030190e-01
1.098254913464188631e-01
1.054268669337034281e-01
1.071849100291728946e-01
1.075099542737007197e-01
1.064120709896087674e-01
1.081829247996211052e-01
1.058883367106318446e-01
1.075059823691844885e-01
1.068077560514211627e-01
1.043031126260757502e-01
1.083669573068618830e-01
1.067013638094067574e-01
1.061643410474061994e-01
1.035176720470190048e-01
1.069196913391351755e-01
1.046960825100541059e-01
1.030636381357908221e-01
1.064673464745283099e-01
1.095873950049281176e-01
1.081110823899507495e-01
1.090381957590580014e-01
1.066436607390642138e-01
1.062037076801061602e-01
1.066338777542114313e-01
1.079938296228647177e-01
1.072604425251483945e-01
1.082911824807524653e-01
1.068352958187460955e-01
1.060410136356949862e-01
1.075811244547367068e-01
1.065996153280139025e-01
1.055019520223140772e-01
1.082865761592984172e-01
1.050713624805212076e-01
1.069998187944292967e-01
1.069120209664106425e-01
1.075149746611714363e-01
1.071554062888026293e-01
1.077259771525859861e-01
1.093528086319565801e-01
1.071512486785650281e-01
1.080850558355450630e-01
