0.353062
0.352077
0.351677
0.351610
0.351391
0.351196
0.351281
0.351120
0.350741
0.350904
0.350760
0.350762
0.350797
0.350752
0.350753
0.350727
0.350868
0.350583
0.350914
0.350875
0.350821
0.350888
0.350805
0.350480
0.350498
0.350529
0.350669
0.350541
0.350610
0.350775
0.350741
0.350087
0.349996
0.349844
0.349855
0.349909
0.350115
0.349783
0.349983
0.349868
0.349910
0.349650
0.349716
0.349949
0.349782
0.349874
0.349161
0.348334
0.348688
0.348797
0.349022
0.348929
0.348805
0.348925
0.348796
0.348856
0.348828
0.348774
0.348819
0.348893
0.348879
0.348882
0.348849
0.348716
0.348752
0.348995
0.348880
0.348819
0.348970
0.349138
0.349035
0.349137
0.349058
0.349158
0.349236
0.349083
0.349010
0.349167
0.349331
0.349313
0.349177
0.349111
0.349329
0.349219
0.349324
0.349127
0.349363
0.349232
0.349255
0.349378
0.349225
0.349310
0.349221
