0.434566
0.389144
0.329234
0.290062
0.278587
0.270552
0.263426
0.257085
0.251546
0.246720
0.242328
0.238538
0.235163
0.232086
0.229090
0.226152
0.223377
0.220921
0.218426
0.215835
0.213133
0.210542
0.208060
0.204803
0.202224
0.199110
0.196896
0.193943
0.192019
0.189510
0.187678
0.186233
0.184954
0.183586
0.182493
0.181376
0.180437
0.180058
0.179166
0.178423
0.177892
0.177415
0.176637
0.176171
0.175863
0.175766
0.175098
0.174603
0.174027
0.174250
0.173449
0.172974
0.172805
0.172226
0.172076
0.171558
0.171316
0.171281
0.171166
0.170363
0.170135
0.169879
0.169201
0.169246
0.169321
0.168690
0.168059
0.168569
0.167987
0.167530
0.167160
0.167361
0.167089
0.166683
0.166134
0.165294
0.165585
0.165345
0.164986
0.164544
0.164555
0.164062
0.163827
0.164052
0.163245
0.163146
0.163148
0.162804
0.162303
0.162370
0.161932
0.161991
0.161512
0.161307
0.160919
0.160796
0.160579
0.160305
0.159888
0.159996
0.159639
0.159512
0.158902
0.159093
0.158769
0.158327
0.158175
0.158143
0.158022
0.157824
0.157466
0.157315
0.156841
0.156605
0.156510
0.156399
0.156289
0.156332
0.155519
0.155654
0.155487
0.155192
0.154833
0.155144
0.154475
0.154453
0.154234
0.154455
0.154014
0.153744
0.153574
0.153722
0.153223
0.153173
0.153360
0.153008
0.152673
0.152477
0.152476
0.152553
0.152340
0.152361
0.151655
0.151819
0.151433
0.151945
0.151352
0.151288
0.151262
0.151048
0.150631
0.150620
0.150449
0.150021
0.150494
0.150103
0.150336
0.149674
0.149485
0.149380
0.149290
0.149963
0.149020
0.149069
0.148807
0.148840
0.148935
0.148403
0.148623
0.148043
0.148047
0.148099
0.148045
0.148076
0.147688
0.147503
0.147905
0.147767
0.147232
0.147416
0.147024
0.147020
0.146952
0.146991
0.146510
0.146514
0.146429
0.146479
0.146775
0.146306
0.145800
0.145810
0.145863
0.146025
0.145447
0.145210
0.145280
0.145437
0.145515
0.145225
0.145058
0.144913
0.145101
0.144587
0.144291
0.144445
0.144808
0.144630
0.143938
0.143807
0.144164
0.143987
0.143469
0.143554
0.143390
0.143476
0.143314
0.143238
0.142939
0.142722
0.142819
0.142819
0.142775
0.142563
0.142702
0.142368
0.142845
0.142250
0.140120
0.139833
0.139779
0.139728
0.139713
0.139671
0.139768
0.139683
0.139666
0.139671
0.139667
0.139721
0.139618
0.139515
0.139580
0.139629
0.139564
0.139540
0.139568
0.139529
0.139546
0.139495
0.139470
0.139471
0.139488
0.139449
0.139215
0.139174
0.139163
0.139155
0.139147
0.139146
0.139149
0.139141
0.139140
0.139146
